Nucleotide	Sequence	Modified_mutations	Modified_read_depth	Modified_effective_depth	Modified_rate	Modified_off_target_mapped_depth	Modified_low_mapq_mapped_depth	Modified_primer_pair_1_mapped_depth	Untreated_mutations	Untreated_read_depth	Untreated_effective_depth	Untreated_rate	Untreated_off_target_mapped_depth	Untreated_low_mapq_mapped_depth	Untreated_primer_pair_1_mapped_depth	Denatured_mutations	Denatured_read_depth	Denatured_effective_depth	Denatured_rate	Denatured_off_target_mapped_depth	Denatured_low_mapq_mapped_depth	Denatured_primer_pair_1_mapped_depth	Reactivity_profile	Std_err	HQ_profile	HQ_stderr	Norm_profile	Norm_stderr
1	G	0	53400	0	nan	4555	1758	53400	0	54139	0	nan	1797	594	54139	0	0	0	nan	0	0	0	nan	nan	nan	nan	nan	nan
2	C	0	53608	0	nan	4560	1759	53608	0	54240	0	nan	1797	596	54240	0	0	0	nan	0	0	0	nan	nan	nan	nan	nan	nan
3	U	0	53643	0	nan	4565	1762	53643	0	54268	0	nan	1797	596	54268	0	0	0	nan	0	0	0	nan	nan	nan	nan	nan	nan
4	U	0	53680	0	nan	4568	1765	53680	0	54310	0	nan	1799	599	54310	0	0	0	nan	0	0	0	nan	nan	nan	nan	nan	nan
5	C	0	53703	0	nan	4569	1765	53703	0	54321	0	nan	1801	599	54321	0	0	0	nan	0	0	0	nan	nan	nan	nan	nan	nan
6	G	0	53717	0	nan	4570	1766	53717	0	54329	0	nan	1802	599	54329	0	0	0	nan	0	0	0	nan	nan	nan	nan	nan	nan
7	A	0	53790	0	nan	4570	1766	53790	0	54352	0	nan	1803	599	54352	0	0	0	nan	0	0	0	nan	nan	nan	nan	nan	nan
8	U	0	53808	0	nan	4570	1766	53808	0	54353	0	nan	1803	600	54353	0	0	0	nan	0	0	0	nan	nan	nan	nan	nan	nan
9	A	0	53823	0	nan	4570	1766	53823	0	54359	0	nan	1804	600	54359	0	0	0	nan	0	0	0	nan	nan	nan	nan	nan	nan
10	U	0	53831	0	nan	4570	1766	53831	0	54362	0	nan	1804	600	54362	0	0	0	nan	0	0	0	nan	nan	nan	nan	nan	nan
11	C	0	53853	0	nan	4572	1767	53853	0	54368	0	nan	1804	600	54368	0	0	0	nan	0	0	0	nan	nan	nan	nan	nan	nan
12	C	0	53853	0	nan	4616	1767	53853	0	54369	0	nan	1821	600	54369	0	0	0	nan	0	0	0	nan	nan	nan	nan	nan	nan
13	G	0	53853	0	nan	4620	1769	53853	0	54369	0	nan	1823	600	54369	0	0	0	nan	0	0	0	nan	nan	nan	nan	nan	nan
14	C	0	53853	0	nan	4627	1769	53853	0	54369	0	nan	1823	600	54369	0	0	0	nan	0	0	0	nan	nan	nan	nan	nan	nan
15	A	0	53853	0	nan	4628	1769	53853	0	54369	0	nan	1824	601	54369	0	0	0	nan	0	0	0	nan	nan	nan	nan	nan	nan
16	U	0	53853	0	nan	4636	1769	53853	0	54369	0	nan	1824	601	54369	0	0	0	nan	0	0	0	nan	nan	nan	nan	nan	nan
17	G	0	53853	0	nan	4646	1769	53853	0	54369	0	nan	1829	601	54369	0	0	0	nan	0	0	0	nan	nan	nan	nan	nan	nan
18	C	0	53853	0	nan	4651	1770	53853	0	54369	0	nan	1831	601	54369	0	0	0	nan	0	0	0	nan	nan	nan	nan	nan	nan
19	U	978	53853	52089	0.018776	4653	1770	53853	693	54369	52759	0.013135	1834	601	54369	0	0	0	nan	0	0	0	0.005640	0.000781	0.005640	0.000781	0.903757	0.125148
20	A	381	53854	51692	0.007371	4655	1770	53854	158	54369	52928	0.002985	1835	602	54369	0	0	0	nan	0	0	0	0.004385	0.000446	0.004385	0.000446	0.702655	0.071467
21	A	403	53856	51629	0.007806	4669	1770	53856	41	54369	52496	0.000781	1846	602	54369	0	0	0	nan	0	0	0	0.007025	0.000408	0.007025	0.000408	1.125690	0.065378
22	A	183	53856	50488	0.003625	4679	1770	53856	28	54369	51210	0.000547	1848	602	54369	0	0	0	nan	0	0	0	0.003078	0.000287	0.003078	0.000287	0.493221	0.045989
23	A	33	53859	50205	0.000657	4692	1770	53859	26	54369	50944	0.000510	1862	602	54369	0	0	0	nan	0	0	0	0.000147	0.000152	0.000147	0.000152	0.023555	0.024357
24	A	211	53858	50333	0.004192	4698	1770	53805	24	54366	51032	0.000470	1866	602	54312	0	0	0	nan	0	0	0	0.003722	0.000304	0.003722	0.000304	0.596416	0.048713
25	U	219	53853	50948	0.004299	4706	1770	53761	49	54364	51921	0.000944	1869	602	54268	0	0	0	nan	0	0	0	0.003355	0.000320	0.003355	0.000320	0.537607	0.051277
26	G	583	53850	49265	0.011834	4719	1770	53673	154	54357	49787	0.003093	1878	602	54174	0	0	0	nan	0	0	0	0.008741	0.000550	0.008741	0.000550	1.400663	0.088132
27	A	72	53844	49016	0.001469	4732	1770	53609	71	54355	49536	0.001433	1884	602	54099	0	0	0	nan	0	0	0	0.000036	0.000243	0.000036	0.000243	0.005769	0.038938
28	C	191	53845	48552	0.003934	4743	1770	53599	105	54353	49259	0.002132	1895	602	54095	0	0	0	nan	0	0	0	0.001802	0.000353	0.001802	0.000353	0.288754	0.056565
29	U	372	53845	50774	0.007327	4754	1770	53589	59	54352	51433	0.001147	1897	602	54083	0	0	0	nan	0	0	0	0.006179	0.000408	0.006179	0.000408	0.990127	0.065378
30	U	143	53848	50430	0.002836	4759	1769	53581	27	54351	51099	0.000528	1898	603	54071	0	0	0	nan	0	0	0	0.002307	0.000258	0.002307	0.000258	0.369675	0.041342
31	A	276	53848	50818	0.005431	4766	1768	53564	36	54351	51472	0.000699	1904	603	54054	0	0	0	nan	0	0	0	0.004732	0.000347	0.004732	0.000347	0.758259	0.055603
32	G	204	53847	50174	0.004066	4774	1768	53556	56	54348	50987	0.001098	1908	603	54044	0	0	0	nan	0	0	0	0.002968	0.000320	0.002968	0.000320	0.475594	0.051277
33	U	387	53847	51242	0.007552	4788	1768	53543	108	54348	51809	0.002085	1908	603	54034	0	0	0	nan	0	0	0	0.005468	0.000433	0.005468	0.000433	0.876196	0.069384
34	G	371	53848	50940	0.007283	4791	1767	53543	34	54348	51484	0.000660	1908	603	54030	0	0	0	nan	0	0	0	0.006623	0.000395	0.006623	0.000395	1.061274	0.063295
35	U	61	53848	50952	0.001197	4795	1768	53540	62	54348	51511	0.001204	1908	603	54029	0	0	0	nan	0	0	0	-0.000006	0.000216	-0.000006	0.000216	-0.000961	0.034612
36	A	601	53848	50831	0.011823	4798	1767	53539	209	54348	51371	0.004068	1912	604	54028	0	0	0	nan	0	0	0	0.007755	0.000558	0.007755	0.000558	1.242666	0.089414
37	U	360	53847	51307	0.007017	4804	1767	53538	225	54348	51893	0.004336	1915	604	54028	0	0	0	nan	0	0	0	0.002681	0.000469	0.002681	0.000469	0.429605	0.075153
38	U	167	53845	51963	0.003214	4807	1767	53529	48	54346	52499	0.000914	1918	604	54020	0	0	0	nan	0	0	0	0.002300	0.000282	0.002300	0.000282	0.368553	0.045188
39	U	85	53845	52097	0.001632	4808	1767	53519	32	54343	52683	0.000607	1920	604	54009	0	0	0	nan	0	0	0	0.001024	0.000207	0.001024	0.000207	0.164086	0.033170
40	U	121	53843	51676	0.002342	4809	1767	53444	47	54339	52267	0.000899	1924	605	53934	0	0	0	nan	0	0	0	0.001442	0.000250	0.001442	0.000250	0.231067	0.040060
41	A	84	53843	50860	0.001652	4816	1760	53367	41	54337	51332	0.000799	1931	601	53882	0	0	0	nan	0	0	0	0.000853	0.000219	0.000853	0.000219	0.136685	0.035093
42	G	185	53840	50148	0.003689	4818	1759	53322	47	54334	50420	0.000932	1932	602	53841	0	0	0	nan	0	0	0	0.002757	0.000303	0.002757	0.000303	0.441783	0.048553
43	A	83	53840	49490	0.001677	4808	1752	53253	51	54333	50045	0.001019	1933	600	53767	0	0	0	nan	0	0	0	0.000658	0.000233	0.000658	0.000233	0.105438	0.037336
44	C	58	53840	49611	0.001169	4809	1752	53246	52	54332	50300	0.001034	1934	600	53757	0	0	0	nan	0	0	0	0.000135	0.000210	0.000135	0.000210	0.021632	0.033651
45	U	441	53840	50216	0.008782	4809	1752	53236	60	54332	50609	0.001186	1936	599	53752	0	0	0	nan	0	0	0	0.007597	0.000445	0.007597	0.000445	1.217348	0.071307
46	A	61	53839	50451	0.001209	4799	1714	53222	39	54331	50908	0.000766	1935	585	53741	0	0	0	nan	0	0	0	0.000443	0.000198	0.000443	0.000198	0.070987	0.031728
47	C	82	53839	50844	0.001613	4799	1710	53212	30	54331	51384	0.000584	1936	585	53737	0	0	0	nan	0	0	0	0.001029	0.000208	0.001029	0.000208	0.164888	0.033330
48	U	176	53839	51578	0.003412	4794	1710	53202	53	54329	52356	0.001012	1935	584	53725	0	0	0	nan	0	0	0	0.002400	0.000292	0.002400	0.000292	0.384577	0.046790
49	G	518	53837	50873	0.010182	4784	1674	53152	183	54325	51745	0.003537	1936	574	53687	0	0	0	nan	0	0	0	0.006646	0.000518	0.006646	0.000518	1.064959	0.083005
50	A	142	53842	49969	0.002842	4783	1621	53061	78	54324	50887	0.001533	1936	568	53597	0	0	0	nan	0	0	0	0.001309	0.000295	0.001309	0.000295	0.209755	0.047271
51	A	180	53862	49726	0.003620	4782	1617	53047	33	54322	50439	0.000654	1936	568	53535	0	0	0	nan	0	0	0	0.002966	0.000293	0.002966	0.000293	0.475274	0.046950
52	A	120	53859	50034	0.002398	4782	1605	53022	53	54319	50639	0.001047	1934	562	53493	0	0	0	nan	0	0	0	0.001352	0.000262	0.001352	0.000262	0.216645	0.041983
53	G	325	53858	50222	0.006471	4777	1571	52976	128	54318	50830	0.002518	1935	551	53459	0	0	0	nan	0	0	0	0.003953	0.000422	0.003953	0.000422	0.633431	0.067622
54	G	136	53969	50524	0.002692	4773	1560	53070	69	54324	50904	0.001355	1935	550	53409	0	0	0	nan	0	0	0	0.001336	0.000283	0.001336	0.000283	0.214081	0.045348
55	A	102	54499	51369	0.001986	4771	1555	53745	28	55188	52134	0.000537	1936	550	54485	0	0	0	nan	0	0	0	0.001449	0.000221	0.001449	0.000221	0.232189	0.035413
56	A	181	54581	51890	0.003488	4768	1543	53837	127	55329	52762	0.002407	1936	548	54657	0	0	0	nan	0	0	0	0.001081	0.000336	0.001081	0.000336	0.173220	0.053841
57	C	66	54592	52101	0.001267	4765	1534	53855	58	55342	53048	0.001093	1936	546	54662	0	0	0	nan	0	0	0	0.000173	0.000212	0.000173	0.000212	0.027722	0.033971
58	C	64	54599	52112	0.001228	4758	1501	53856	42	55344	53087	0.000791	1936	541	54651	0	0	0	nan	0	0	0	0.000437	0.000196	0.000437	0.000196	0.070025	0.031407
59	A	167	54600	51975	0.003213	4752	1499	53851	63	55344	52903	0.001191	1935	540	54642	0	0	0	nan	0	0	0	0.002022	0.000290	0.002022	0.000290	0.324007	0.046470
60	C	55	54600	52070	0.001056	4752	1498	53831	32	55343	53050	0.000603	1935	540	54624	0	0	0	nan	0	0	0	0.000453	0.000178	0.000453	0.000178	0.072589	0.028523
61	A	107	54606	52157	0.002051	4750	1486	53833	51	55363	53475	0.000954	1933	539	54644	0	0	0	nan	0	0	0	0.001098	0.000239	0.001098	0.000239	0.175944	0.038298
62	G	185	54612	51547	0.003589	4749	1484	53833	109	55364	53398	0.002041	1933	539	54647	0	0	0	nan	0	0	0	0.001548	0.000328	0.001548	0.000328	0.248052	0.052559
63	G	169	54618	51117	0.003306	4745	1469	53832	64	55370	53130	0.001205	1933	532	54644	0	0	0	nan	0	0	0	0.002102	0.000296	0.002102	0.000296	0.336826	0.047431
64	A	222	54616	51047	0.004349	4736	1445	53814	48	55371	52999	0.000906	1925	525	54634	0	0	0	nan	0	0	0	0.003443	0.000320	0.003443	0.000320	0.551708	0.051277
65	A	240	54615	51049	0.004701	4735	1434	53800	64	55370	53093	0.001205	1925	521	54623	0	0	0	nan	0	0	0	0.003496	0.000339	0.003496	0.000339	0.560201	0.054322
66	G	452	54615	50905	0.008879	4733	1431	53794	290	55373	53210	0.005450	1925	518	54619	0	0	0	nan	0	0	0	0.003429	0.000526	0.003429	0.000526	0.549465	0.084287
67	G	513	54615	50993	0.010060	4676	1306	53757	147	55372	52820	0.002783	1882	423	54591	0	0	0	nan	0	0	0	0.007277	0.000500	0.007277	0.000500	1.166071	0.080120
68	G	1379	54613	51024	0.027026	4673	1246	53715	1299	55371	52724	0.024638	1880	407	54542	0	0	0	nan	0	0	0	0.002389	0.000998	0.002389	0.000998	0.382815	0.159920
69	U	236	54614	50905	0.004636	4622	777	53690	62	55372	52603	0.001179	1860	264	54512	0	0	0	nan	0	0	0	0.003457	0.000337	0.003457	0.000337	0.553952	0.054001
70	U	463	54612	51402	0.009007	4606	774	53665	67	55372	52863	0.001267	1855	261	54468	0	0	0	nan	0	0	0	0.007740	0.000446	0.007740	0.000446	1.240262	0.071467
71	G	289	54612	51426	0.005620	4599	773	53660	160	55378	52908	0.003024	1853	261	54471	0	0	0	nan	0	0	0	0.002596	0.000408	0.002596	0.000408	0.415985	0.065378
72	G	365	54616	51446	0.007095	4591	576	53668	255	55379	52774	0.004832	1851	196	54470	0	0	0	nan	0	0	0	0.002263	0.000479	0.002263	0.000479	0.362624	0.076755
73	G	180	54617	50793	0.003544	4586	575	53663	158	55381	52072	0.003034	1850	196	54465	0	0	0	nan	0	0	0	0.000510	0.000358	0.000510	0.000358	0.081723	0.057366
74	U	196	54616	50912	0.003850	4572	542	53656	93	55382	52118	0.001784	1838	168	54461	0	0	0	nan	0	0	0	0.002065	0.000331	0.002065	0.000331	0.330897	0.053040
75	G	158	54615	51047	0.003095	4566	538	53653	122	55383	52335	0.002331	1836	167	54457	0	0	0	nan	0	0	0	0.000764	0.000324	0.000764	0.000324	0.122424	0.051918
76	G	133	54616	51582	0.002578	4563	538	53653	102	55383	53026	0.001924	1836	167	54459	0	0	0	nan	0	0	0	0.000655	0.000294	0.000655	0.000294	0.104958	0.047111
77	A	97	54617	51385	0.001888	4541	528	53651	37	55385	52859	0.000700	1830	162	54460	0	0	0	nan	0	0	0	0.001188	0.000224	0.001188	0.000224	0.190366	0.035894
78	A	162	54619	51456	0.003148	4541	528	53653	54	55384	52824	0.001022	1830	158	54459	0	0	0	nan	0	0	0	0.002126	0.000284	0.002126	0.000284	0.340672	0.045508
79	G	4213	54620	51840	0.081269	4540	527	53656	4626	55385	53133	0.087065	1830	157	54461	0	0	0	nan	0	0	0	-0.005795	0.001791	nan	nan	nan	nan
80	U	567	54621	51907	0.010923	4532	502	53658	258	55386	53442	0.004828	1829	141	54460	0	0	0	nan	0	0	0	0.006096	0.000548	0.006096	0.000548	0.976827	0.087812
81	U	265	54622	52251	0.005072	4532	493	53658	59	55388	53641	0.001100	1829	135	54463	0	0	0	nan	0	0	0	0.003972	0.000343	0.003972	0.000343	0.636476	0.054963
82	U	71	54625	52237	0.001359	4533	489	53661	46	55391	53639	0.000858	1831	133	54464	0	0	0	nan	0	0	0	0.000502	0.000205	0.000502	0.000205	0.080441	0.032849
83	U	149	54624	52191	0.002855	4531	489	53656	51	55393	53559	0.000952	1831	133	54469	0	0	0	nan	0	0	0	0.001903	0.000269	0.001903	0.000269	0.304938	0.043105
84	U	115	54628	52036	0.002210	4526	488	53659	49	55399	53478	0.000916	1831	132	54479	0	0	0	nan	0	0	0	0.001294	0.000244	0.001294	0.000244	0.207351	0.039099
85	G	638	54629	51797	0.012317	4524	489	53656	89	55403	53324	0.001669	1830	132	54484	0	0	0	nan	0	0	0	0.010648	0.000519	0.010648	0.000519	1.706242	0.083165
86	U	61	54629	51777	0.001178	4518	486	53655	63	55405	53304	0.001182	1829	132	54491	0	0	0	nan	0	0	0	-0.000004	0.000212	-0.000004	0.000212	-0.000641	0.033971
87	G	252	54632	51786	0.004866	4516	486	53657	149	55406	53311	0.002795	1829	131	54494	0	0	0	nan	0	0	0	0.002071	0.000383	0.002071	0.000383	0.331858	0.061372
88	U	333	54634	51894	0.006417	4512	480	53660	83	55409	53356	0.001556	1824	130	54493	0	0	0	nan	0	0	0	0.004861	0.000391	0.004861	0.000391	0.778930	0.062654
89	U	67	54635	51866	0.001292	4508	477	53656	53	55410	53319	0.000994	1824	129	54490	0	0	0	nan	0	0	0	0.000298	0.000209	0.000298	0.000209	0.047752	0.033490
90	G	212	54635	51816	0.004091	4490	475	53648	127	55411	53266	0.002384	1820	125	54487	0	0	0	nan	0	0	0	0.001707	0.000352	0.001707	0.000352	0.273531	0.056405
91	U	431	54635	51691	0.008338	4461	368	53639	417	55414	53074	0.007857	1817	92	54487	0	0	0	nan	0	0	0	0.000481	0.000556	0.000481	0.000556	0.077076	0.089094
92	C	85	54635	51739	0.001643	4450	367	53634	73	55414	53069	0.001376	1812	92	54477	0	0	0	nan	0	0	0	0.000267	0.000240	0.000267	0.000240	0.042784	0.038458
93	U	110	54640	51658	0.002129	4444	365	53641	74	55420	53014	0.001396	1811	91	54483	0	0	0	nan	0	0	0	0.000734	0.000260	0.000734	0.000260	0.117617	0.041663
94	G	482	54641	51911	0.009285	4423	350	53644	268	55428	53240	0.005034	1808	82	54498	0	0	0	nan	0	0	0	0.004251	0.000523	0.004251	0.000523	0.681183	0.083806
95	A	133	54648	51801	0.002568	4409	348	53653	86	55431	53255	0.001615	1808	82	54507	0	0	0	nan	0	0	0	0.000953	0.000283	0.000953	0.000283	0.152709	0.045348
96	A	160	54650	51962	0.003079	4408	345	53655	38	55436	53346	0.000712	1808	82	54518	0	0	0	nan	0	0	0	0.002367	0.000269	0.002367	0.000269	0.379290	0.043105
97	A	45	54652	51996	0.000865	4407	345	53656	50	55436	53323	0.000938	1807	82	54516	0	0	0	nan	0	0	0	-0.000072	0.000185	-0.000072	0.000185	-0.011537	0.029645
98	A	89	54653	51987	0.001712	4407	345	53655	57	55434	53364	0.001068	1807	80	54510	0	0	0	nan	0	0	0	0.000644	0.000230	0.000644	0.000230	0.103195	0.036855
99	G	260	54653	51764	0.005023	4404	343	53648	251	55435	53194	0.004719	1806	80	54510	0	0	0	nan	0	0	0	0.000304	0.000431	0.000304	0.000431	0.048713	0.069064
100	C	81	54652	51587	0.001570	4404	343	53641	48	55433	53082	0.000904	1806	80	54500	0	0	0	nan	0	0	0	0.000666	0.000218	0.000666	0.000218	0.106720	0.034932
101	A	324	54651	51735	0.006263	4386	337	53636	53	55433	53133	0.000997	1797	78	54491	0	0	0	nan	0	0	0	0.005265	0.000374	0.005265	0.000374	0.843667	0.059930
102	A	57	54652	51423	0.001108	4382	335	53625	40	55435	53198	0.000752	1791	78	54488	0	0	0	nan	0	0	0	0.000357	0.000189	0.000357	0.000189	0.057206	0.030285
103	G	690	54651	51888	0.013298	4382	335	53615	65	55438	53308	0.001219	1791	77	54483	0	0	0	nan	0	0	0	0.012079	0.000528	0.012079	0.000528	1.935546	0.084607
104	A	76	54651	51766	0.001468	4377	334	53612	71	55439	53181	0.001335	1788	76	54480	0	0	0	nan	0	0	0	0.000133	0.000231	0.000133	0.000231	0.021312	0.037016
105	G	89	54652	51814	0.001718	4377	333	53614	43	55439	53168	0.000809	1788	76	54481	0	0	0	nan	0	0	0	0.000909	0.000220	0.000909	0.000220	0.145659	0.035253
106	A	80	54652	51853	0.001543	4252	331	53612	48	55443	53201	0.000902	1763	76	54483	0	0	0	nan	0	0	0	0.000641	0.000216	0.000641	0.000216	0.102714	0.034612
107	G	268	54655	51879	0.005166	4253	331	53612	48	55445	53262	0.000901	1763	75	54489	0	0	0	nan	0	0	0	0.004265	0.000341	0.004265	0.000341	0.683426	0.054642
108	A	358	54655	51930	0.006894	4173	331	53610	67	55454	53412	0.001254	1750	75	54494	0	0	0	nan	0	0	0	0.005639	0.000395	0.005639	0.000395	0.903597	0.063295
109	A	214	54657	51839	0.004128	4171	323	53594	58	55457	53345	0.001087	1749	73	54488	0	0	0	nan	0	0	0	0.003041	0.000316	0.003041	0.000316	0.487292	0.050636
110	G	198	54659	51810	0.003822	4169	321	53589	106	55459	53347	0.001987	1749	72	54483	0	0	0	nan	0	0	0	0.001835	0.000333	0.001835	0.000333	0.294042	0.053360
111	G	489	54657	51307	0.009531	4153	321	53572	390	55460	52867	0.007377	1742	72	54475	0	0	0	nan	0	0	0	0.002154	0.000570	0.002154	0.000570	0.345158	0.091337
112	C	108	54655	51165	0.002111	4127	320	53534	78	55460	52720	0.001480	1730	71	54462	0	0	0	nan	0	0	0	0.000631	0.000263	0.000631	0.000263	0.101112	0.042143
113	A	152	54654	51173	0.002970	4046	319	53533	54	55462	52728	0.001024	1706	71	54463	0	0	0	nan	0	0	0	0.001946	0.000278	0.001946	0.000278	0.311828	0.044547
114	G	351	54653	51513	0.006814	4044	319	53531	91	55468	53029	0.001716	1703	71	54469	0	0	0	nan	0	0	0	0.005098	0.000406	0.005098	0.000406	0.816907	0.065058
115	G	332	54654	51453	0.006452	4004	316	53517	47	55476	52996	0.000887	1651	70	54461	0	0	0	nan	0	0	0	0.005566	0.000377	0.005566	0.000377	0.891899	0.060411
116	A	148	54659	51437	0.002877	3986	315	53502	57	55480	52930	0.001077	1642	70	54454	0	0	0	nan	0	0	0	0.001800	0.000276	0.001800	0.000276	0.288433	0.044226
117	G	220	54660	51101	0.004305	3973	315	53509	106	55481	52685	0.002012	1637	70	54455	0	0	0	nan	0	0	0	0.002293	0.000350	0.002293	0.000350	0.367432	0.056084
118	U	444	54664	50921	0.008719	3950	314	53505	341	55480	52612	0.006481	1618	70	54449	0	0	0	nan	0	0	0	0.002238	0.000543	0.002238	0.000543	0.358618	0.087011
119	C	312	54667	50932	0.006126	3951	314	53504	54	55483	52601	0.001027	1616	70	54452	0	0	0	nan	0	0	0	0.005099	0.000374	0.005099	0.000374	0.817067	0.059930
120	U	325	54668	51272	0.006339	3949	314	53513	78	55485	52862	0.001476	1616	70	54464	0	0	0	nan	0	0	0	0.004863	0.000389	0.004863	0.000389	0.779250	0.062334
121	G	383	54674	51531	0.007432	3946	314	53526	216	55491	53109	0.004067	1616	70	54482	0	0	0	nan	0	0	0	0.003365	0.000470	0.003365	0.000470	0.539210	0.075313
122	G	198	54676	51624	0.003835	3946	314	53528	183	55498	53161	0.003442	1615	70	54488	0	0	0	nan	0	0	0	0.000393	0.000373	0.000393	0.000373	0.062975	0.059770
123	G	69	54678	51425	0.001342	3950	314	53550	63	55508	53030	0.001188	1614	70	54507	0	0	0	nan	0	0	0	0.000154	0.000220	0.000154	0.000220	0.024677	0.035253
124	A	137	54679	51369	0.002667	3947	314	53554	39	55515	53007	0.000736	1610	70	54519	0	0	0	nan	0	0	0	0.001931	0.000257	0.001931	0.000257	0.309425	0.041182
125	U	310	54683	51446	0.006026	3942	314	53557	33	55520	52940	0.000623	1608	70	54526	0	0	0	nan	0	0	0	0.005402	0.000359	0.005402	0.000359	0.865620	0.057526
126	A	333	54683	51497	0.006466	1136	40	53551	48	55525	52827	0.000909	562	11	54527	0	0	0	nan	0	0	0	0.005558	0.000378	0.005558	0.000378	0.890617	0.060571
127	G	842	54686	51783	0.016260	1128	40	53560	425	55527	53022	0.008016	561	11	54539	0	0	0	nan	0	0	0	0.008245	0.000682	0.008245	0.000682	1.321184	0.109284
128	G	213	54690	52027	0.004094	1139	40	53579	149	55536	53272	0.002797	563	11	54565	0	0	0	nan	0	0	0	0.001297	0.000362	0.001297	0.000362	0.207832	0.058007
129	G	150	54692	51654	0.002904	1176	40	53582	83	55538	52902	0.001569	563	11	54568	0	0	0	nan	0	0	0	0.001335	0.000293	0.001335	0.000293	0.213921	0.046950
130	A	396	54692	51875	0.007634	1186	40	53577	316	55542	53074	0.005954	558	11	54568	0	0	0	nan	0	0	0	0.001680	0.000509	0.001680	0.000509	0.269204	0.081562
131	A	144	54691	51893	0.002775	1177	39	53577	72	55545	52984	0.001359	556	11	54570	0	0	0	nan	0	0	0	0.001416	0.000281	0.001416	0.000281	0.226901	0.045028
132	G	500	54686	52277	0.009564	1012	20	53559	283	55541	53332	0.005306	487	2	54557	0	0	0	nan	0	0	0	0.004258	0.000531	0.004258	0.000531	0.682305	0.085088
133	G	160	54686	52468	0.003049	990	20	53558	120	55547	53564	0.002240	485	2	54564	0	0	0	nan	0	0	0	0.000809	0.000316	0.000809	0.000316	0.129635	0.050636
134	G	106	54690	52259	0.002028	1033	20	53563	62	55547	53318	0.001163	485	2	54563	0	0	0	nan	0	0	0	0.000866	0.000246	0.000866	0.000246	0.138768	0.039419
135	A	88	54689	52084	0.001690	1027	20	53561	98	55547	53126	0.001845	480	2	54560	0	0	0	nan	0	0	0	-0.000155	0.000259	-0.000155	0.000259	-0.024837	0.041502
136	A	126	54687	52117	0.002418	1029	20	53556	64	55546	53126	0.001205	480	2	54554	0	0	0	nan	0	0	0	0.001213	0.000263	0.001213	0.000263	0.194372	0.042143
137	G	303	54690	52283	0.005795	1020	19	53558	296	55547	53343	0.005549	470	2	54553	0	0	0	nan	0	0	0	0.000246	0.000464	0.000246	0.000464	0.039419	0.074352
138	G	602	54690	52433	0.011481	1025	19	53555	658	55546	53533	0.012291	457	2	54543	0	0	0	nan	0	0	0	-0.000810	0.000670	-0.000810	0.000670	-0.129795	0.107361
139	G	139	54689	52155	0.002665	1037	19	53538	154	55545	53189	0.002895	456	2	54527	0	0	0	nan	0	0	0	-0.000230	0.000325	-0.000230	0.000325	-0.036855	0.052078
140	A	122	54687	52096	0.002342	1022	19	53523	75	55544	53140	0.001411	439	2	54510	0	0	0	nan	0	0	0	0.000930	0.000267	0.000930	0.000267	0.149024	0.042784
141	A	148	54688	52108	0.002840	1020	19	53520	42	55547	53188	0.000790	438	2	54512	0	0	0	nan	0	0	0	0.002051	0.000263	0.002051	0.000263	0.328653	0.042143
142	G	286	54689	52223	0.005477	1004	19	53516	53	55547	53283	0.000995	431	2	54507	0	0	0	nan	0	0	0	0.004482	0.000351	0.004482	0.000351	0.718198	0.056244
143	A	166	54690	52263	0.003176	999	18	53515	181	55547	53314	0.003395	414	2	54507	0	0	0	nan	0	0	0	-0.000219	0.000353	-0.000219	0.000353	-0.035093	0.056565
144	G	174	54690	52331	0.003325	1007	20	53515	52	55547	53371	0.000974	413	2	54507	0	0	0	nan	0	0	0	0.002351	0.000286	0.002351	0.000286	0.376726	0.045829
145	A	361	54692	52426	0.006886	985	20	53514	58	55548	53441	0.001085	401	2	54511	0	0	0	nan	0	0	0	0.005801	0.000389	0.005801	0.000389	0.929556	0.062334
146	A	52	54692	52453	0.000991	990	20	53515	57	55550	53559	0.001064	400	2	54513	0	0	0	nan	0	0	0	-0.000073	0.000197	-0.000073	0.000197	-0.011698	0.031567
147	G	272	54692	52452	0.005186	961	19	53515	66	55551	53428	0.001235	384	2	54517	0	0	0	nan	0	0	0	0.003950	0.000349	0.003950	0.000349	0.632950	0.055924
148	A	74	54695	52360	0.001413	959	19	53517	74	55552	53243	0.001390	370	2	54520	0	0	0	nan	0	0	0	0.000023	0.000230	0.000023	0.000230	0.003686	0.036855
149	G	198	54696	52231	0.003791	972	19	53518	57	55552	53052	0.001074	375	2	54521	0	0	0	nan	0	0	0	0.002716	0.000305	0.002716	0.000305	0.435213	0.048873
150	A	310	54697	52140	0.005946	957	19	53515	46	55554	52893	0.000870	370	2	54519	0	0	0	nan	0	0	0	0.005076	0.000361	0.005076	0.000361	0.813381	0.057847
151	A	63	54700	52189	0.001207	968	19	53515	52	55554	53084	0.000980	371	2	54517	0	0	0	nan	0	0	0	0.000228	0.000204	0.000228	0.000204	0.036535	0.032689
152	G	224	54702	52277	0.004285	982	19	53516	86	55557	53226	0.001616	370	2	54520	0	0	0	nan	0	0	0	0.002669	0.000335	0.002669	0.000335	0.427682	0.053681
153	A	58	54703	52388	0.001107	992	19	53515	54	55557	53400	0.001011	360	2	54523	0	0	0	nan	0	0	0	0.000096	0.000200	0.000096	0.000200	0.015383	0.032048
154	G	120	54705	51899	0.002312	990	19	53516	106	55560	52970	0.002001	360	2	54523	0	0	0	nan	0	0	0	0.000311	0.000287	0.000311	0.000287	0.049835	0.045989
155	U	162	54705	51896	0.003122	1025	19	53512	130	55560	52959	0.002455	356	3	54523	0	0	0	nan	0	0	0	0.000667	0.000326	0.000667	0.000326	0.106880	0.052238
156	A	26	54706	51874	0.000501	1031	19	53516	45	55561	52986	0.000849	357	3	54525	0	0	0	nan	0	0	0	-0.000348	0.000160	-0.000348	0.000160	-0.055764	0.025638
157	G	208	54710	52240	0.003982	1032	19	53527	217	55563	53202	0.004079	358	3	54529	0	0	0	nan	0	0	0	-0.000097	0.000391	-0.000097	0.000391	-0.015543	0.062654
158	C	642	54714	52245	0.012288	1044	19	53546	712	55571	53147	0.013397	361	3	54543	0	0	0	nan	0	0	0	-0.001109	0.000698	-0.001109	0.000698	-0.177707	0.111848
159	U	117	54719	52344	0.002235	1044	19	53557	87	55576	53143	0.001637	360	3	54550	0	0	0	nan	0	0	0	0.000598	0.000271	0.000598	0.000271	0.095824	0.043425
160	U	124	54727	52480	0.002363	1055	19	53581	77	55588	53352	0.001443	359	3	54569	0	0	0	nan	0	0	0	0.000920	0.000268	0.000920	0.000268	0.147421	0.042944
161	G	109	54730	52634	0.002071	1054	20	53588	89	55595	53511	0.001663	358	3	54578	0	0	0	nan	0	0	0	0.000408	0.000265	0.000408	0.000265	0.065378	0.042464
162	U	747	54730	52416	0.014251	1057	19	53590	663	55599	53413	0.012413	355	3	54584	0	0	0	nan	0	0	0	0.001839	0.000710	0.001839	0.000710	0.294682	0.113771
163	C	67	54730	52323	0.001281	1085	19	53583	70	55603	53345	0.001312	356	3	54582	0	0	0	nan	0	0	0	-0.000032	0.000222	-0.000032	0.000222	-0.005128	0.035573
164	U	240	54731	52333	0.004586	1088	19	53580	88	55606	53386	0.001648	355	3	54584	0	0	0	nan	0	0	0	0.002938	0.000344	0.002938	0.000344	0.470787	0.055123
165	A	132	54733	52464	0.002516	1088	19	53580	82	55609	53516	0.001532	355	3	54583	0	0	0	nan	0	0	0	0.000984	0.000277	0.000984	0.000277	0.157677	0.044387
166	A	67	54733	52503	0.001276	1088	19	53582	42	55611	53614	0.000783	355	3	54586	0	0	0	nan	0	0	0	0.000493	0.000197	0.000493	0.000197	0.078999	0.031567
167	A	71	54736	52489	0.001353	1089	20	53585	48	55611	53585	0.000896	357	3	54591	0	0	0	nan	0	0	0	0.000457	0.000206	0.000457	0.000206	0.073230	0.033010
168	G	128	54737	52212	0.002452	1091	20	53585	60	55611	53573	0.001120	358	3	54593	0	0	0	nan	0	0	0	0.001332	0.000260	0.001332	0.000260	0.213440	0.041663
169	U	308	54737	52191	0.005901	1101	20	53583	169	55611	53530	0.003157	355	3	54595	0	0	0	nan	0	0	0	0.002744	0.000415	0.002744	0.000415	0.439700	0.066500
170	A	188	54738	51576	0.003645	1104	20	53584	62	55611	53538	0.001158	356	3	54597	0	0	0	nan	0	0	0	0.002487	0.000304	0.002487	0.000304	0.398518	0.048713
171	A	628	54738	52043	0.012067	1105	20	53584	34	55614	53595	0.000634	355	3	54600	0	0	0	nan	0	0	0	0.011433	0.000494	0.011433	0.000494	1.832031	0.079159
172	A	674	54740	51927	0.012980	1108	20	53587	93	55615	53254	0.001746	356	3	54603	0	0	0	nan	0	0	0	0.011233	0.000532	0.011233	0.000532	1.799983	0.085248
173	U	432	54741	51493	0.008389	1110	20	53592	73	55618	53251	0.001371	357	3	54614	0	0	0	nan	0	0	0	0.007019	0.000434	0.007019	0.000434	1.124729	0.069544
174	U	313	54742	51651	0.006060	1115	20	53598	52	55620	53467	0.000973	358	3	54617	0	0	0	nan	0	0	0	0.005087	0.000368	0.005087	0.000368	0.815144	0.058969
175	G	991	54742	52266	0.018961	1117	20	53597	90	55621	53486	0.001683	358	3	54617	0	0	0	nan	0	0	0	0.017278	0.000628	0.017278	0.000628	2.768637	0.100631
176	U	534	54743	52342	0.010202	1123	20	53589	475	55624	53385	0.008898	360	3	54611	0	0	0	nan	0	0	0	0.001305	0.000601	0.001305	0.000601	0.209114	0.096305
177	C	114	54744	52255	0.002182	1129	20	53580	43	55626	53277	0.000807	362	3	54601	0	0	0	nan	0	0	0	0.001375	0.000239	0.001375	0.000239	0.220331	0.038298
178	U	163	54750	52232	0.003121	1128	20	53592	94	55629	53358	0.001762	364	3	54604	0	0	0	nan	0	0	0	0.001359	0.000305	0.001359	0.000305	0.217767	0.048873
179	G	173	54755	51842	0.003337	1128	20	53605	97	55638	53330	0.001819	363	3	54618	0	0	0	nan	0	0	0	0.001518	0.000314	0.001518	0.000314	0.243245	0.050316
180	G	923	54760	51930	0.017774	1127	20	53615	467	55639	53220	0.008775	363	3	54624	0	0	0	nan	0	0	0	0.008999	0.000712	0.008999	0.000712	1.442005	0.114091
181	C	266	54764	51922	0.005123	1193	20	53624	72	55642	53148	0.001355	382	3	54632	0	0	0	nan	0	0	0	0.003768	0.000352	0.003768	0.000352	0.603787	0.056405
182	U	302	54768	52056	0.005801	1199	20	53632	61	55644	53253	0.001145	382	3	54636	0	0	0	nan	0	0	0	0.004656	0.000365	0.004656	0.000365	0.746080	0.058488
183	G	125	54770	52136	0.002398	1226	33	53640	47	55644	53358	0.000881	397	13	54639	0	0	0	nan	0	0	0	0.001517	0.000250	0.001517	0.000250	0.243085	0.040060
184	A	243	54771	52163	0.004658	1227	33	53632	26	55644	53307	0.000488	397	13	54631	0	0	0	nan	0	0	0	0.004171	0.000314	0.004171	0.000314	0.668364	0.050316
185	A	236	54773	51881	0.004549	1231	33	53629	50	55645	52865	0.000946	398	13	54632	0	0	0	nan	0	0	0	0.003603	0.000325	0.003603	0.000325	0.577347	0.052078
186	C	81	54774	51764	0.001565	1234	34	53622	66	55647	52790	0.001250	399	13	54627	0	0	0	nan	0	0	0	0.000315	0.000232	0.000315	0.000232	0.050476	0.037176
187	C	65	54774	51685	0.001258	1233	33	53631	38	55649	52958	0.000718	397	13	54633	0	0	0	nan	0	0	0	0.000540	0.000195	0.000540	0.000195	0.086530	0.031247
188	A	96	54772	51182	0.001876	1234	33	53633	59	55653	53391	0.001105	397	13	54639	0	0	0	nan	0	0	0	0.000771	0.000239	0.000771	0.000239	0.123546	0.038298
189	G	861	54775	51941	0.016577	1235	33	53635	49	55654	53503	0.000916	397	14	54641	0	0	0	nan	0	0	0	0.015661	0.000580	0.015661	0.000580	2.509528	0.092940
190	A	299	54779	51962	0.005754	1236	33	53636	74	55652	53577	0.001381	396	14	54634	0	0	0	nan	0	0	0	0.004373	0.000369	0.004373	0.000369	0.700732	0.059129
191	G	739	54778	51959	0.014223	1236	34	53639	130	55654	53501	0.002430	396	14	54637	0	0	0	nan	0	0	0	0.011793	0.000565	0.011793	0.000565	1.889717	0.090536
192	G	277	54779	51793	0.005348	1260	34	53637	46	55655	53581	0.000859	398	14	54633	0	0	0	nan	0	0	0	0.004490	0.000345	0.004490	0.000345	0.719480	0.055283
193	A	784	54780	52030	0.015068	1331	46	53629	53	55653	53551	0.000990	419	22	54623	0	0	0	nan	0	0	0	0.014079	0.000555	0.014079	0.000555	2.256028	0.088934
194	G	462	54782	51956	0.008892	1330	46	53625	110	55652	53471	0.002057	420	22	54620	0	0	0	nan	0	0	0	0.006835	0.000458	0.006835	0.000458	1.095245	0.073390
195	G	150	54784	51665	0.002903	1334	46	53625	77	55659	53216	0.001447	421	22	54618	0	0	0	nan	0	0	0	0.001456	0.000289	0.001456	0.000289	0.233310	0.046310
196	A	249	54784	51599	0.004826	1343	46	53627	55	55662	53054	0.001037	421	22	54615	0	0	0	nan	0	0	0	0.003789	0.000336	0.003789	0.000336	0.607152	0.053841
197	G	335	54786	51238	0.006538	1351	46	53628	269	55666	52698	0.005105	422	22	54620	0	0	0	nan	0	0	0	0.001434	0.000474	0.001434	0.000474	0.229785	0.075954
198	C	136	54790	51186	0.002657	1370	46	53629	104	55666	52729	0.001972	426	23	54624	0	0	0	nan	0	0	0	0.000685	0.000299	0.000685	0.000299	0.109765	0.047912
199	C	73	54796	51339	0.001422	1373	46	53648	45	55674	52860	0.000851	426	23	54645	0	0	0	nan	0	0	0	0.000571	0.000209	0.000571	0.000209	0.091497	0.033490
200	A	96	54813	51690	0.001857	1393	47	53686	59	55680	53238	0.001108	433	23	54669	0	0	0	nan	0	0	0	0.000749	0.000238	0.000749	0.000238	0.120020	0.038137
201	G	197	54817	51790	0.003804	1393	47	53689	120	55682	53330	0.002250	433	23	54677	0	0	0	nan	0	0	0	0.001554	0.000340	0.001554	0.000340	0.249014	0.054482
202	G	134	54820	51629	0.002595	1404	47	53702	84	55683	53193	0.001579	439	23	54686	0	0	0	nan	0	0	0	0.001016	0.000283	0.001016	0.000283	0.162804	0.045348
203	A	337	54822	51498	0.006544	1421	50	53705	48	55683	53031	0.000905	444	23	54692	0	0	0	nan	0	0	0	0.005639	0.000380	0.005639	0.000380	0.903597	0.060891
204	G	1012	54824	51348	0.019709	1425	50	53706	296	55684	52660	0.005621	446	23	54689	0	0	0	nan	0	0	0	0.014088	0.000700	0.014088	0.000700	2.257470	0.112168
205	C	265	54824	51346	0.005161	1459	52	53703	84	55686	52611	0.001597	461	23	54682	0	0	0	nan	0	0	0	0.003564	0.000362	0.003564	0.000362	0.571098	0.058007
206	A	80	54828	51126	0.001565	1481	53	53714	49	55692	52656	0.000931	481	23	54693	0	0	0	nan	0	0	0	0.000634	0.000220	0.000634	0.000220	0.101593	0.035253
207	G	874	54830	51358	0.017018	1487	53	53724	213	55697	52727	0.004040	484	23	54706	0	0	0	nan	0	0	0	0.012978	0.000639	0.012978	0.000639	2.079603	0.102394
208	C	149	54833	51177	0.002911	1542	59	53739	121	55699	52564	0.002302	506	24	54714	0	0	0	nan	0	0	0	0.000610	0.000317	0.000610	0.000317	0.097747	0.050796
209	C	166	54841	51147	0.003246	1556	61	53781	146	55710	52600	0.002776	513	24	54759	0	0	0	nan	0	0	0	0.000470	0.000341	0.000470	0.000341	0.075313	0.054642
210	U	155	54862	51250	0.003024	1557	62	53854	87	55729	52862	0.001646	513	27	54834	0	0	0	nan	0	0	0	0.001379	0.000300	0.001379	0.000300	0.220972	0.048072
211	G	216	54875	51591	0.004187	1541	63	53890	158	55742	53206	0.002970	509	34	54884	0	0	0	nan	0	0	0	0.001217	0.000370	0.001217	0.000370	0.195013	0.059289
212	G	683	54887	51276	0.013320	1759	96	53921	607	55753	52783	0.011500	617	54	54907	0	0	0	nan	0	0	0	0.001820	0.000691	0.001820	0.000691	0.291638	0.110726
213	C	559	54906	51204	0.010917	2010	141	53982	479	55765	52700	0.009089	723	83	54944	0	0	0	nan	0	0	0	0.001828	0.000621	0.001828	0.000621	0.292920	0.099509
214	C	76	54922	51355	0.001480	2271	157	54067	48	55778	52759	0.000910	761	89	54992	0	0	0	nan	0	0	0	0.000570	0.000215	0.000570	0.000215	0.091337	0.034452
215	U	453	54926	51747	0.008754	2279	160	54105	65	55780	53086	0.001224	761	91	55013	0	0	0	nan	0	0	0	0.007530	0.000438	0.007530	0.000438	1.206612	0.070185
216	G	97	54932	52048	0.001864	2272	173	54127	38	55786	53417	0.000711	762	95	55042	0	0	0	nan	0	0	0	0.001152	0.000222	0.001152	0.000222	0.184597	0.035573
217	A	413	54933	52074	0.007931	2276	246	54128	111	55796	53424	0.002078	767	125	55064	0	0	0	nan	0	0	0	0.005853	0.000437	0.005853	0.000437	0.937888	0.070025
218	G	536	54941	51721	0.010363	2281	258	54157	336	55805	53191	0.006317	769	129	55093	0	0	0	nan	0	0	0	0.004046	0.000565	0.004046	0.000565	0.648333	0.090536
219	G	294	54949	51864	0.005669	2320	281	54197	128	55820	53413	0.002396	782	133	55145	0	0	0	nan	0	0	0	0.003272	0.000393	0.003272	0.000393	0.524307	0.062975
220	G	114	54963	52029	0.002191	2327	282	54256	88	55832	53683	0.001639	784	133	55196	0	0	0	nan	0	0	0	0.000552	0.000270	0.000552	0.000270	0.088453	0.043265
221	A	143	54968	51904	0.002755	2343	288	54267	60	55837	53788	0.001115	791	136	55210	0	0	0	nan	0	0	0	0.001640	0.000272	0.001640	0.000272	0.262795	0.043585
222	U	401	54970	52033	0.007707	2365	288	54278	78	55840	53815	0.001449	797	141	55219	0	0	0	nan	0	0	0	0.006257	0.000418	0.006257	0.000418	1.002625	0.066981
223	G	424	54973	51842	0.008179	2366	294	54283	80	55841	53637	0.001492	798	141	55224	0	0	0	nan	0	0	0	0.006687	0.000431	0.006687	0.000431	1.071529	0.069064
224	U	156	54973	51872	0.003007	2419	306	54284	108	55842	53730	0.002010	802	144	55231	0	0	0	nan	0	0	0	0.000997	0.000309	0.000997	0.000309	0.159760	0.049514
225	A	389	54973	51703	0.007524	2424	314	54289	59	55845	53742	0.001098	804	146	55238	0	0	0	nan	0	0	0	0.006426	0.000407	0.006426	0.000407	1.029706	0.065218
226	G	852	54973	52107	0.016351	2433	317	54290	217	55845	53937	0.004023	803	146	55237	0	0	0	nan	0	0	0	0.012328	0.000623	0.012328	0.000623	1.975446	0.099830
227	A	225	54977	51687	0.004353	2434	320	54305	62	55849	53621	0.001156	806	149	55248	0	0	0	nan	0	0	0	0.003197	0.000325	0.003197	0.000325	0.512289	0.052078
228	A	605	54980	51852	0.011668	2434	320	54321	46	55857	53598	0.000858	805	149	55272	0	0	0	nan	0	0	0	0.010810	0.000491	0.010810	0.000491	1.732201	0.078678
229	A	347	54986	51175	0.006781	2434	321	54336	47	55857	52619	0.000893	804	150	55283	0	0	0	nan	0	0	0	0.005887	0.000387	0.005887	0.000387	0.943336	0.062013
230	U	328	54985	51039	0.006426	2435	325	54341	79	55860	52758	0.001497	806	151	55295	0	0	0	nan	0	0	0	0.004929	0.000393	0.004929	0.000393	0.789826	0.062975
231	U	517	54986	51325	0.010073	2453	331	54348	64	55862	52889	0.001210	806	151	55301	0	0	0	nan	0	0	0	0.008863	0.000468	0.008863	0.000468	1.420213	0.074993
232	G	862	54995	52048	0.016562	2461	335	54378	74	55884	53535	0.001382	806	152	55356	0	0	0	nan	0	0	0	0.015179	0.000587	0.015179	0.000587	2.432292	0.094061
233	U	246	55000	52119	0.004720	2481	376	54394	98	55887	53635	0.001827	812	161	55368	0	0	0	nan	0	0	0	0.002893	0.000353	0.002893	0.000353	0.463576	0.056565
234	G	213	55008	52087	0.004089	2487	390	54426	46	55890	53665	0.000857	814	167	55381	0	0	0	nan	0	0	0	0.003232	0.000307	0.003232	0.000307	0.517898	0.049194
235	A	711	55020	52357	0.013580	2492	400	54456	82	55909	53892	0.001522	816	170	55412	0	0	0	nan	0	0	0	0.012058	0.000536	0.012058	0.000536	1.932181	0.085889
236	G	251	55036	52578	0.004774	2933	981	54490	39	55917	54137	0.000720	1061	387	55428	0	0	0	nan	0	0	0	0.004053	0.000323	0.004053	0.000323	0.649455	0.051758
237	A	449	55045	52573	0.008541	2940	1034	54500	95	55920	54028	0.001758	1062	391	55433	0	0	0	nan	0	0	0	0.006782	0.000442	0.006782	0.000442	1.086752	0.070826
238	A	304	55046	52762	0.005762	2962	1081	54503	55	55920	54182	0.001015	1081	398	55434	0	0	0	nan	0	0	0	0.004747	0.000358	0.004747	0.000358	0.760662	0.057366
239	G	266	55047	52512	0.005066	2973	1095	54509	134	55920	53913	0.002485	1082	401	55441	0	0	0	nan	0	0	0	0.002580	0.000378	0.002580	0.000378	0.413421	0.060571
240	G	968	55050	52440	0.018459	2975	1105	54515	709	55921	53654	0.013214	1088	402	55441	0	0	0	nan	0	0	0	0.005245	0.000773	0.005245	0.000773	0.840462	0.123866
241	C	128	55053	52453	0.002440	3008	1143	54524	107	55921	53646	0.001995	1103	410	55445	0	0	0	nan	0	0	0	0.000446	0.000289	0.000446	0.000289	0.071467	0.046310
242	A	89	55058	52453	0.001697	3002	1152	54545	62	55925	53789	0.001153	1101	411	55455	0	0	0	nan	0	0	0	0.000544	0.000232	0.000544	0.000232	0.087171	0.037176
243	G	336	55059	53034	0.006336	3001	1153	54555	52	55928	54145	0.000960	1097	411	55465	0	0	0	nan	0	0	0	0.005375	0.000370	0.005375	0.000370	0.861293	0.059289
244	A	128	55060	52788	0.002425	3001	1162	54556	71	55928	53849	0.001319	1097	413	55464	0	0	0	nan	0	0	0	0.001106	0.000265	0.001106	0.000265	0.177226	0.042464
245	G	864	55063	52625	0.016418	3003	1165	54570	791	55929	53602	0.014757	1097	415	55471	0	0	0	nan	0	0	0	0.001661	0.000766	0.001661	0.000766	0.266160	0.122744
246	G	343	55066	52398	0.006546	3005	1176	54590	256	55931	53293	0.004804	1097	416	55485	0	0	0	nan	0	0	0	0.001742	0.000464	0.001742	0.000464	0.279139	0.074352
247	G	187	55028	52410	0.003568	3007	1188	54514	112	55873	53298	0.002101	1096	420	55361	0	0	0	nan	0	0	0	0.001467	0.000328	0.001467	0.000328	0.235073	0.052559
248	G	125	55029	52096	0.002399	3008	1193	54533	60	55882	53034	0.001131	1096	420	55411	0	0	0	nan	0	0	0	0.001268	0.000260	0.001268	0.000260	0.203185	0.041663
249	A	103	55022	51814	0.001988	3010	1194	54524	63	55885	52934	0.001190	1097	422	55416	0	0	0	nan	0	0	0	0.000798	0.000247	0.000798	0.000247	0.127872	0.039579
250	U	333	55024	51508	0.006465	3024	1207	54533	92	55890	52759	0.001744	1100	430	55423	0	0	0	nan	0	0	0	0.004721	0.000398	0.004721	0.000398	0.756496	0.063776
251	G	584	55025	52225	0.011182	3030	1207	54537	107	55892	53110	0.002015	1101	431	55431	0	0	0	nan	0	0	0	0.009168	0.000502	0.009168	0.000502	1.469086	0.080441
252	U	167	55028	52329	0.003191	3040	1214	54550	99	55900	53329	0.001856	1102	432	55441	0	0	0	nan	0	0	0	0.001335	0.000310	0.001335	0.000310	0.213921	0.049675
253	G	104	55028	52256	0.001990	3040	1216	54552	60	55901	53321	0.001125	1102	432	55447	0	0	0	nan	0	0	0	0.000865	0.000243	0.000865	0.000243	0.138608	0.038938
254	A	59	55032	52017	0.001134	3040	1221	54559	41	55905	53332	0.000769	1102	434	55454	0	0	0	nan	0	0	0	0.000365	0.000190	0.000365	0.000190	0.058488	0.030446
255	A	43	55033	52157	0.000824	3049	1237	54568	49	55909	53472	0.000916	1102	437	55465	0	0	0	nan	0	0	0	-0.000092	0.000182	-0.000092	0.000182	-0.014742	0.029164
256	C	144	55033	51726	0.002784	3057	1271	54573	59	55915	53268	0.001108	1105	452	55477	0	0	0	nan	0	0	0	0.001676	0.000273	0.001676	0.000273	0.268563	0.043746
257	U	386	55039	50720	0.007610	3057	1274	54583	71	55922	53427	0.001329	1105	452	55490	0	0	0	nan	0	0	0	0.006281	0.000418	0.006281	0.000418	1.006471	0.066981
258	G	1836	55041	52264	0.035129	3059	1295	54593	296	55926	53597	0.005523	1104	452	55497	0	0	0	nan	0	0	0	0.029607	0.000880	0.029607	0.000880	4.744244	0.141012
259	U	103	55049	52624	0.001957	3061	1299	54621	88	55948	54116	0.001626	1104	454	55541	0	0	0	nan	0	0	0	0.000331	0.000259	0.000331	0.000259	0.053040	0.041502
260	G	1660	55050	52240	0.031776	3059	1299	54629	719	55951	53691	0.013391	1104	454	55554	0	0	0	nan	0	0	0	0.018385	0.000926	0.018385	0.000926	2.946024	0.148383
261	U	588	55058	51962	0.011316	3059	1299	54654	287	55965	53443	0.005370	1104	455	55576	0	0	0	nan	0	0	0	0.005946	0.000564	0.005946	0.000564	0.952791	0.090376
262	U	379	55071	52227	0.007257	3058	1299	54697	57	55984	53623	0.001063	1104	455	55630	0	0	0	nan	0	0	0	0.006194	0.000398	0.006194	0.000398	0.992530	0.063776
263	U	133	55074	51999	0.002558	3057	1299	54708	48	55994	53411	0.000899	1104	455	55646	0	0	0	nan	0	0	0	0.001659	0.000257	0.001659	0.000257	0.265839	0.041182
264	G	372	55075	51373	0.007241	3057	1299	54712	192	55996	52938	0.003627	1104	455	55650	0	0	0	nan	0	0	0	0.003614	0.000458	0.003614	0.000458	0.579110	0.073390
265	C	1263	55078	51288	0.024626	3057	1299	54722	885	55999	52477	0.016865	1105	455	55655	0	0	0	nan	0	0	0	0.007761	0.000895	0.007761	0.000895	1.243627	0.143415
266	U	966	55081	51269	0.018842	3057	1299	54741	382	56008	52459	0.007282	1105	455	55675	0	0	0	nan	0	0	0	0.011560	0.000712	0.011560	0.000712	1.852381	0.114091
267	U	305	55090	52150	0.005849	3054	1299	54763	53	56009	53318	0.000994	1104	455	55691	0	0	0	nan	0	0	0	0.004854	0.000362	0.004854	0.000362	0.777808	0.058007
268	U	170	55098	52309	0.003250	3052	1299	54786	43	56018	53614	0.000802	1102	456	55714	0	0	0	nan	0	0	0	0.002448	0.000278	0.002448	0.000278	0.392269	0.044547
269	G	323	55115	52105	0.006199	3045	1300	54836	203	56045	53500	0.003794	1100	456	55764	0	0	0	nan	0	0	0	0.002405	0.000436	0.002405	0.000436	0.385379	0.069865
270	G	1060	55133	52280	0.020275	3037	1300	54883	565	56067	53180	0.010624	1099	456	55812	0	0	0	nan	0	0	0	0.009651	0.000767	0.009651	0.000767	1.546482	0.122905
271	U	210	55157	52342	0.004012	3038	1301	54936	137	56085	53341	0.002568	1099	456	55866	0	0	0	nan	0	0	0	0.001444	0.000353	0.001444	0.000353	0.231387	0.056565
272	U	305	55190	52668	0.005791	3036	1300	55005	57	56132	53522	0.001065	1098	456	55941	0	0	0	nan	0	0	0	0.004726	0.000360	0.004726	0.000360	0.757297	0.057687
273	U	230	55229	52805	0.004356	3030	1300	55093	194	56172	53631	0.003617	1094	456	56037	0	0	0	nan	0	0	0	0.000738	0.000387	0.000738	0.000387	0.118258	0.062013
274	C	215	55277	52319	0.004109	3031	1300	55220	91	56205	53005	0.001717	1093	456	56152	0	0	0	nan	0	0	0	0.002393	0.000333	0.002393	0.000333	0.383456	0.053360
275	U	204	55293	52598	0.003878	3027	1300	55256	187	56216	53233	0.003513	1091	456	56186	0	0	0	nan	0	0	0	0.000366	0.000374	0.000366	0.000374	0.058648	0.059930
276	C	90	55317	52363	0.001719	3017	1300	55304	91	56240	53021	0.001716	1089	456	56229	0	0	0	nan	0	0	0	0.000002	0.000255	0.000002	0.000255	0.000320	0.040861
277	A	70	55354	52897	0.001323	3001	1300	55345	31	56273	53653	0.000578	1087	456	56268	0	0	0	nan	0	0	0	0.000746	0.000189	0.000746	0.000189	0.119539	0.030285
278	U	136	55356	50634	0.002686	2998	1300	55356	71	56276	51204	0.001387	1086	456	56276	0	0	0	nan	0	0	0	0.001299	0.000283	0.001299	0.000283	0.208153	0.045348
279	A	192	55356	50856	0.003775	2968	1300	55356	57	56276	51362	0.001110	1072	456	56276	0	0	0	nan	0	0	0	0.002666	0.000310	0.002666	0.000310	0.427201	0.049675
280	C	0	55356	51150	0.000000	2967	1300	55356	0	56276	51751	0.000000	1072	456	56276	0	0	0	nan	0	0	0	0.000000	0.000000	0.000000	0.000000	0.000000	0.000000
281	C	0	55356	0	nan	2905	1300	55356	0	56276	0	nan	1054	456	56276	0	0	0	nan	0	0	0	nan	nan	nan	nan	nan	nan
282	U	0	55356	0	nan	2903	1300	55356	0	56276	0	nan	1053	456	56276	0	0	0	nan	0	0	0	nan	nan	nan	nan	nan	nan
283	C	0	55356	0	nan	2895	1300	55356	0	56276	0	nan	1050	456	56276	0	0	0	nan	0	0	0	nan	nan	nan	nan	nan	nan
284	U	0	55356	0	nan	2893	1300	55356	0	56276	0	nan	1046	456	56276	0	0	0	nan	0	0	0	nan	nan	nan	nan	nan	nan
285	U	0	55356	0	nan	2879	1300	55356	0	56276	0	nan	1034	456	56276	0	0	0	nan	0	0	0	nan	nan	nan	nan	nan	nan
286	G	0	55356	0	nan	2877	1300	55356	0	56276	0	nan	1034	456	56276	0	0	0	nan	0	0	0	nan	nan	nan	nan	nan	nan
287	C	0	55356	0	nan	2869	1299	55356	0	56276	0	nan	1032	456	56276	0	0	0	nan	0	0	0	nan	nan	nan	nan	nan	nan
288	G	0	55356	0	nan	2869	1299	55356	0	56276	0	nan	1032	456	56276	0	0	0	nan	0	0	0	nan	nan	nan	nan	nan	nan
289	G	0	55356	0	nan	2858	1299	55356	0	56276	0	nan	1031	456	56276	0	0	0	nan	0	0	0	nan	nan	nan	nan	nan	nan
290	U	0	55355	0	nan	2807	1299	55355	0	56276	0	nan	1012	456	56276	0	0	0	nan	0	0	0	nan	nan	nan	nan	nan	nan
291	C	0	55355	0	nan	2807	1299	55355	0	56276	0	nan	1012	456	56276	0	0	0	nan	0	0	0	nan	nan	nan	nan	nan	nan
292	G	0	55335	0	nan	2807	1299	55335	0	56268	0	nan	1012	456	56268	0	0	0	nan	0	0	0	nan	nan	nan	nan	nan	nan
293	C	0	55335	0	nan	2807	1299	55335	0	56268	0	nan	1012	456	56268	0	0	0	nan	0	0	0	nan	nan	nan	nan	nan	nan
294	A	0	55323	0	nan	2807	1299	55323	0	56260	0	nan	1012	456	56260	0	0	0	nan	0	0	0	nan	nan	nan	nan	nan	nan
295	C	0	55258	0	nan	2807	1299	55258	0	56221	0	nan	1012	456	56221	0	0	0	nan	0	0	0	nan	nan	nan	nan	nan	nan
296	U	0	55257	0	nan	2807	1299	55257	0	56221	0	nan	1012	456	56221	0	0	0	nan	0	0	0	nan	nan	nan	nan	nan	nan
297	A	0	55233	0	nan	2807	1299	55233	0	56213	0	nan	1012	456	56213	0	0	0	nan	0	0	0	nan	nan	nan	nan	nan	nan
298	G	0	55198	0	nan	2804	1299	55198	0	56190	0	nan	1012	456	56190	0	0	0	nan	0	0	0	nan	nan	nan	nan	nan	nan
299	U	0	55124	0	nan	2803	1299	55124	0	56159	0	nan	1011	455	56159	0	0	0	nan	0	0	0	nan	nan	nan	nan	nan	nan
300	G	0	55071	0	nan	2803	1299	55071	0	56111	0	nan	1010	454	56111	0	0	0	nan	0	0	0	nan	nan	nan	nan	nan	nan