Nucleotide	Sequence	Modified_mutations	Modified_read_depth	Modified_effective_depth	Modified_rate	Modified_off_target_mapped_depth	Modified_low_mapq_mapped_depth	Modified_primer_pair_1_mapped_depth	Untreated_mutations	Untreated_read_depth	Untreated_effective_depth	Untreated_rate	Untreated_off_target_mapped_depth	Untreated_low_mapq_mapped_depth	Untreated_primer_pair_1_mapped_depth	Denatured_mutations	Denatured_read_depth	Denatured_effective_depth	Denatured_rate	Denatured_off_target_mapped_depth	Denatured_low_mapq_mapped_depth	Denatured_primer_pair_1_mapped_depth	Reactivity_profile	Std_err	HQ_profile	HQ_stderr	Norm_profile	Norm_stderr
1	G	0	42600	0	nan	2286	1230	42600	0	65803	0	nan	1554	830	65803	0	0	0	nan	0	0	0	nan	nan	nan	nan	nan	nan
2	C	0	42775	0	nan	2290	1232	42775	0	65993	0	nan	1558	831	65993	0	0	0	nan	0	0	0	nan	nan	nan	nan	nan	nan
3	U	0	42803	0	nan	2291	1232	42803	0	66033	0	nan	1559	831	66033	0	0	0	nan	0	0	0	nan	nan	nan	nan	nan	nan
4	U	0	42838	0	nan	2294	1237	42838	0	66076	0	nan	1560	840	66076	0	0	0	nan	0	0	0	nan	nan	nan	nan	nan	nan
5	C	0	42853	0	nan	2296	1237	42853	0	66099	0	nan	1560	840	66099	0	0	0	nan	0	0	0	nan	nan	nan	nan	nan	nan
6	G	0	42862	0	nan	2297	1238	42862	0	66105	0	nan	1561	840	66105	0	0	0	nan	0	0	0	nan	nan	nan	nan	nan	nan
7	A	0	42908	0	nan	2297	1239	42908	0	66151	0	nan	1561	840	66151	0	0	0	nan	0	0	0	nan	nan	nan	nan	nan	nan
8	U	0	42915	0	nan	2297	1239	42915	0	66155	0	nan	1562	841	66155	0	0	0	nan	0	0	0	nan	nan	nan	nan	nan	nan
9	A	0	42918	0	nan	2297	1239	42918	0	66160	0	nan	1562	841	66160	0	0	0	nan	0	0	0	nan	nan	nan	nan	nan	nan
10	U	0	42922	0	nan	2297	1239	42922	0	66166	0	nan	1562	841	66166	0	0	0	nan	0	0	0	nan	nan	nan	nan	nan	nan
11	C	0	42933	0	nan	2300	1240	42933	0	66173	0	nan	1563	842	66173	0	0	0	nan	0	0	0	nan	nan	nan	nan	nan	nan
12	C	0	42933	0	nan	2339	1241	42933	0	66173	0	nan	1595	842	66173	0	0	0	nan	0	0	0	nan	nan	nan	nan	nan	nan
13	G	0	42933	0	nan	2345	1241	42933	0	66174	0	nan	1598	842	66174	0	0	0	nan	0	0	0	nan	nan	nan	nan	nan	nan
14	C	0	42933	0	nan	2352	1241	42933	0	66174	0	nan	1599	842	66174	0	0	0	nan	0	0	0	nan	nan	nan	nan	nan	nan
15	A	0	42933	0	nan	2355	1241	42933	0	66174	0	nan	1602	842	66174	0	0	0	nan	0	0	0	nan	nan	nan	nan	nan	nan
16	U	0	42934	0	nan	2358	1241	42934	0	66174	0	nan	1602	842	66174	0	0	0	nan	0	0	0	nan	nan	nan	nan	nan	nan
17	G	0	42934	0	nan	2367	1241	42934	0	66174	0	nan	1608	842	66174	0	0	0	nan	0	0	0	nan	nan	nan	nan	nan	nan
18	C	0	42934	0	nan	2371	1241	42934	0	66174	0	nan	1614	842	66174	0	0	0	nan	0	0	0	nan	nan	nan	nan	nan	nan
19	U	694	42934	41179	0.016853	2374	1241	42934	755	66174	63928	0.011810	1617	842	66174	0	0	0	nan	0	0	0	0.005043	0.000771	0.005043	0.000771	0.830323	0.126944
20	A	342	42934	40563	0.008431	2380	1241	42934	187	66175	63978	0.002923	1621	843	66175	0	0	0	nan	0	0	0	0.005508	0.000504	0.005508	0.000504	0.906885	0.082983
21	A	375	42935	40715	0.009210	2388	1241	42935	57	66175	63330	0.000900	1626	843	66175	0	0	0	nan	0	0	0	0.008310	0.000490	0.008310	0.000490	1.368230	0.080678
22	A	178	42937	39571	0.004498	2393	1242	42937	22	66175	61413	0.000358	1631	843	66175	0	0	0	nan	0	0	0	0.004140	0.000346	0.004140	0.000346	0.681645	0.056968
23	A	33	42937	39595	0.000833	2406	1242	42937	25	66175	61082	0.000409	1650	843	66175	0	0	0	nan	0	0	0	0.000424	0.000167	0.000424	0.000167	0.069811	0.027496
24	A	160	42936	39659	0.004034	2412	1242	42908	30	66173	61308	0.000489	1652	843	66127	0	0	0	nan	0	0	0	0.003545	0.000331	0.003545	0.000331	0.583680	0.054499
25	U	165	42931	40375	0.004087	2420	1242	42845	64	66171	62719	0.001020	1654	843	66040	0	0	0	nan	0	0	0	0.003066	0.000343	0.003066	0.000343	0.504813	0.056474
26	G	474	42925	38509	0.012309	2434	1242	42767	184	66167	60016	0.003066	1662	842	65902	0	0	0	nan	0	0	0	0.009243	0.000609	0.009243	0.000609	1.521848	0.100271
27	A	102	42921	38243	0.002667	2444	1241	42711	75	66165	59669	0.001257	1681	842	65795	0	0	0	nan	0	0	0	0.001410	0.000301	0.001410	0.000301	0.232155	0.049559
28	C	185	42920	37989	0.004870	2451	1241	42703	140	66165	59328	0.002360	1684	842	65782	0	0	0	nan	0	0	0	0.002510	0.000410	0.002510	0.000410	0.413268	0.067506
29	U	285	42920	40250	0.007081	2457	1241	42696	51	66165	62135	0.000821	1695	842	65766	0	0	0	nan	0	0	0	0.006260	0.000435	0.006260	0.000435	1.030701	0.071622
30	U	132	42920	40148	0.003288	2461	1241	42688	36	66165	61506	0.000585	1696	842	65748	0	0	0	nan	0	0	0	0.002703	0.000302	0.002703	0.000302	0.445045	0.049724
31	A	264	42919	40309	0.006549	2470	1241	42673	57	66166	62139	0.000917	1709	841	65737	0	0	0	nan	0	0	0	0.005632	0.000421	0.005632	0.000421	0.927301	0.069317
32	G	223	42918	39705	0.005616	2480	1241	42664	63	66166	61555	0.001023	1714	841	65727	0	0	0	nan	0	0	0	0.004593	0.000398	0.004593	0.000398	0.756231	0.065530
33	U	315	42918	40521	0.007774	2486	1241	42654	140	66166	62858	0.002227	1722	841	65713	0	0	0	nan	0	0	0	0.005547	0.000477	0.005547	0.000477	0.913306	0.078537
34	G	319	42916	40157	0.007944	2488	1241	42651	62	66166	62483	0.000992	1724	841	65707	0	0	0	nan	0	0	0	0.006952	0.000462	0.006952	0.000462	1.144638	0.076068
35	U	60	42917	40198	0.001493	2492	1241	42651	67	66166	62427	0.001073	1730	841	65700	0	0	0	nan	0	0	0	0.000419	0.000233	0.000419	0.000233	0.068988	0.038363
36	A	557	42917	40118	0.013884	2494	1241	42648	269	66166	62259	0.004321	1731	841	65699	0	0	0	nan	0	0	0	0.009563	0.000645	0.009563	0.000645	1.574535	0.106198
37	U	347	42917	40556	0.008556	2500	1241	42646	287	66166	62855	0.004566	1734	840	65697	0	0	0	nan	0	0	0	0.003990	0.000533	0.003990	0.000533	0.656948	0.087758
38	U	168	42917	41081	0.004089	2504	1241	42642	57	66166	63637	0.000896	1738	840	65678	0	0	0	nan	0	0	0	0.003194	0.000337	0.003194	0.000337	0.525888	0.055487
39	U	83	42914	41077	0.002021	2507	1240	42624	44	66163	63902	0.000689	1741	840	65657	0	0	0	nan	0	0	0	0.001332	0.000245	0.001332	0.000245	0.219312	0.040339
40	U	97	42905	40577	0.002391	2510	1238	42543	56	66161	63329	0.000884	1743	839	65553	0	0	0	nan	0	0	0	0.001506	0.000270	0.001506	0.000270	0.247961	0.044455
41	A	65	42903	39441	0.001648	2510	1226	42459	45	66157	62332	0.000722	1744	837	65454	0	0	0	nan	0	0	0	0.000926	0.000231	0.000926	0.000231	0.152465	0.038034
42	G	120	42898	38454	0.003121	2512	1226	42403	72	66154	61136	0.001178	1746	837	65399	0	0	0	nan	0	0	0	0.001943	0.000317	0.001943	0.000317	0.319912	0.052194
43	A	78	42892	37706	0.002069	2510	1215	42311	57	66152	60668	0.000940	1744	832	65298	0	0	0	nan	0	0	0	0.001129	0.000265	0.001129	0.000265	0.185888	0.043632
44	C	50	42891	38167	0.001310	2513	1215	42300	52	66152	60888	0.000854	1744	832	65289	0	0	0	nan	0	0	0	0.000456	0.000220	0.000456	0.000220	0.075080	0.036223
45	U	337	42891	38758	0.008695	2515	1214	42288	84	66152	61308	0.001370	1744	831	65284	0	0	0	nan	0	0	0	0.007325	0.000497	0.007325	0.000497	1.206051	0.081830
46	A	53	42894	39169	0.001353	2496	1181	42282	47	66152	61628	0.000763	1742	815	65276	0	0	0	nan	0	0	0	0.000590	0.000217	0.000590	0.000217	0.097143	0.035729
47	C	80	42894	39495	0.002026	2493	1173	42274	61	66151	62257	0.000980	1744	813	65269	0	0	0	nan	0	0	0	0.001046	0.000259	0.001046	0.000259	0.172223	0.042644
48	U	165	42894	40439	0.004080	2491	1171	42267	63	66149	63454	0.000993	1746	813	65257	0	0	0	nan	0	0	0	0.003087	0.000341	0.003087	0.000341	0.508270	0.056145
49	G	389	42896	40093	0.009702	2472	1122	42236	184	66144	62540	0.002942	1739	790	65192	0	0	0	nan	0	0	0	0.006760	0.000538	0.006760	0.000538	1.113025	0.088581
50	A	148	42909	39196	0.003776	2468	1061	42180	81	66149	61352	0.001320	1738	776	65052	0	0	0	nan	0	0	0	0.002456	0.000343	0.002456	0.000343	0.404377	0.056474
51	A	172	42929	39045	0.004405	2467	1055	42151	27	66144	60726	0.000445	1738	771	64970	0	0	0	nan	0	0	0	0.003961	0.000347	0.003961	0.000347	0.652173	0.057133
52	A	112	42928	39344	0.002847	2466	1047	42121	59	66138	61007	0.000967	1738	760	64919	0	0	0	nan	0	0	0	0.001880	0.000297	0.001880	0.000297	0.309539	0.048901
53	G	272	42926	39693	0.006853	2460	1017	42082	177	66134	61337	0.002886	1733	727	64869	0	0	0	nan	0	0	0	0.003967	0.000469	0.003967	0.000469	0.653161	0.077220
54	G	121	43059	39898	0.003033	2459	1000	42216	71	66141	61570	0.001153	1731	716	64823	0	0	0	nan	0	0	0	0.001880	0.000308	0.001880	0.000308	0.309539	0.050712
55	A	107	43673	40789	0.002623	2453	996	43003	37	67363	63319	0.000584	1727	715	66395	0	0	0	nan	0	0	0	0.002039	0.000271	0.002039	0.000271	0.335719	0.044620
56	A	145	43793	41387	0.003504	2449	988	43145	139	67558	64205	0.002165	1726	713	66633	0	0	0	nan	0	0	0	0.001339	0.000344	0.001339	0.000344	0.220465	0.056639
57	C	63	43824	41563	0.001516	2447	982	43169	75	67589	64575	0.001161	1726	707	66670	0	0	0	nan	0	0	0	0.000354	0.000233	0.000354	0.000233	0.058286	0.038363
58	C	61	43835	41566	0.001468	2445	942	43169	39	67589	64611	0.000604	1725	694	66660	0	0	0	nan	0	0	0	0.000864	0.000211	0.000864	0.000211	0.142256	0.034741
59	A	149	43835	41436	0.003596	2440	938	43156	61	67588	64435	0.000947	1725	689	66640	0	0	0	nan	0	0	0	0.002649	0.000319	0.002649	0.000319	0.436154	0.052523
60	C	38	43838	41524	0.000915	2439	937	43136	29	67586	64631	0.000449	1725	684	66607	0	0	0	nan	0	0	0	0.000466	0.000170	0.000466	0.000170	0.076726	0.027990
61	A	109	43847	41711	0.002613	2438	930	43143	71	67618	65204	0.001089	1726	679	66649	0	0	0	nan	0	0	0	0.001524	0.000282	0.001524	0.000282	0.250925	0.046431
62	G	160	43854	41284	0.003876	2437	929	43145	154	67636	65056	0.002367	1726	679	66669	0	0	0	nan	0	0	0	0.001508	0.000361	0.001508	0.000361	0.248290	0.059438
63	G	126	43860	41047	0.003070	2436	917	43144	56	67635	64649	0.000866	1723	663	66657	0	0	0	nan	0	0	0	0.002203	0.000297	0.002203	0.000297	0.362721	0.048901
64	A	214	43861	41083	0.005209	2417	907	43130	45	67633	64496	0.000698	1709	659	66640	0	0	0	nan	0	0	0	0.004511	0.000371	0.004511	0.000371	0.742730	0.061085
65	A	181	43861	41104	0.004403	2413	895	43117	69	67638	64619	0.001068	1708	652	66635	0	0	0	nan	0	0	0	0.003336	0.000352	0.003336	0.000352	0.549268	0.057956
66	G	440	43862	40734	0.010802	2412	891	43104	331	67637	64764	0.005111	1707	648	66631	0	0	0	nan	0	0	0	0.005691	0.000587	0.005691	0.000587	0.937016	0.096649
67	G	435	43860	40654	0.010700	2316	789	43057	167	67640	64374	0.002594	1610	539	66594	0	0	0	nan	0	0	0	0.008106	0.000551	0.008106	0.000551	1.334642	0.090721
68	G	1263	43863	40731	0.031008	2312	756	43021	1436	67640	64231	0.022357	1608	522	66529	0	0	0	nan	0	0	0	0.008652	0.001053	0.008652	0.001053	1.424540	0.173375
69	U	206	43863	40705	0.005061	2258	462	42993	71	67642	64186	0.001106	1592	356	66496	0	0	0	nan	0	0	0	0.003955	0.000376	0.003955	0.000376	0.651185	0.061908
70	U	388	43864	41175	0.009423	2246	461	42966	94	67641	64413	0.001459	1583	355	66453	0	0	0	nan	0	0	0	0.007964	0.000502	0.007964	0.000502	1.311262	0.082654
71	G	269	43868	41209	0.006528	2237	461	42960	191	67645	64443	0.002964	1580	354	66456	0	0	0	nan	0	0	0	0.003564	0.000452	0.003564	0.000452	0.586808	0.074421
72	G	287	43870	41116	0.006980	2232	324	42963	269	67648	64336	0.004181	1580	255	66456	0	0	0	nan	0	0	0	0.002799	0.000485	0.002799	0.000485	0.460852	0.079855
73	G	149	43873	40631	0.003667	2230	324	42965	161	67650	63604	0.002531	1578	255	66457	0	0	0	nan	0	0	0	0.001136	0.000361	0.001136	0.000361	0.187041	0.059438
74	U	159	43876	40740	0.003903	2214	298	42960	109	67650	63657	0.001712	1570	218	66440	0	0	0	nan	0	0	0	0.002190	0.000350	0.002190	0.000350	0.360581	0.057627
75	G	107	43876	40895	0.002616	2210	297	42956	149	67650	63857	0.002333	1560	217	66441	0	0	0	nan	0	0	0	0.000283	0.000317	0.000283	0.000317	0.046596	0.052194
76	G	116	43877	41279	0.002810	2207	297	42955	144	67650	64575	0.002230	1560	216	66442	0	0	0	nan	0	0	0	0.000580	0.000320	0.000580	0.000320	0.095496	0.052688
77	A	81	43877	41056	0.001973	2192	287	42952	62	67654	64470	0.000962	1554	202	66442	0	0	0	nan	0	0	0	0.001011	0.000251	0.001011	0.000251	0.166460	0.041327
78	A	112	43877	41060	0.002728	2192	286	42950	53	67654	64435	0.000823	1554	200	66440	0	0	0	nan	0	0	0	0.001905	0.000281	0.001905	0.000281	0.313656	0.046266
79	G	3724	43877	41424	0.089900	2192	285	42951	5140	67658	64762	0.079368	1554	200	66445	0	0	0	nan	0	0	0	0.010532	0.001843	nan	nan	nan	nan
80	U	437	43880	41558	0.010515	2180	262	42952	281	67666	65051	0.004320	1547	185	66452	0	0	0	nan	0	0	0	0.006196	0.000565	0.006196	0.000565	1.020163	0.093026
81	U	209	43883	41922	0.004985	2177	256	42955	92	67668	65271	0.001410	1546	177	66454	0	0	0	nan	0	0	0	0.003576	0.000375	0.003576	0.000375	0.588784	0.061743
82	U	60	43885	41983	0.001429	2177	253	42956	39	67667	65247	0.000598	1546	175	66453	0	0	0	nan	0	0	0	0.000831	0.000208	0.000831	0.000208	0.136823	0.034247
83	U	134	43887	41920	0.003197	2175	253	42960	57	67670	65131	0.000875	1546	175	66446	0	0	0	nan	0	0	0	0.002321	0.000299	0.002321	0.000299	0.382150	0.049230
84	U	117	43893	41808	0.002799	2174	253	42965	87	67679	65035	0.001338	1546	175	66465	0	0	0	nan	0	0	0	0.001461	0.000296	0.001461	0.000296	0.240552	0.048736
85	G	547	43898	41570	0.013159	2170	253	42971	142	67684	64925	0.002187	1545	171	66462	0	0	0	nan	0	0	0	0.010971	0.000592	0.010971	0.000592	1.806361	0.097472
86	U	70	43900	41532	0.001685	2167	249	42971	85	67684	64933	0.001309	1542	170	66466	0	0	0	nan	0	0	0	0.000376	0.000246	0.000376	0.000246	0.061908	0.040504
87	G	217	43904	41526	0.005226	2166	249	42977	201	67684	64955	0.003094	1542	169	66471	0	0	0	nan	0	0	0	0.002131	0.000417	0.002131	0.000417	0.350866	0.068658
88	U	299	43905	41674	0.007175	2165	246	42973	99	67685	64955	0.001524	1541	168	66472	0	0	0	nan	0	0	0	0.005651	0.000442	0.005651	0.000442	0.930430	0.072775
89	U	63	43906	41593	0.001515	2166	244	42967	57	67687	64909	0.000878	1541	168	66468	0	0	0	nan	0	0	0	0.000637	0.000223	0.000637	0.000223	0.104881	0.036717
90	G	215	43904	41506	0.005180	2139	241	42960	142	67688	64767	0.002192	1533	166	66460	0	0	0	nan	0	0	0	0.002987	0.000398	0.002987	0.000398	0.491806	0.065530
91	U	401	43904	41368	0.009693	2116	156	42955	496	67689	64573	0.007681	1524	121	66459	0	0	0	nan	0	0	0	0.002012	0.000594	0.002012	0.000594	0.331273	0.097801
92	C	93	43907	41431	0.002245	2107	152	42955	69	67691	64611	0.001068	1521	119	66453	0	0	0	nan	0	0	0	0.001177	0.000266	0.001177	0.000266	0.193791	0.043797
93	U	117	43913	41330	0.002831	2104	149	42962	103	67694	64586	0.001595	1517	119	66461	0	0	0	nan	0	0	0	0.001236	0.000305	0.001236	0.000305	0.203506	0.050218
94	G	414	43920	41627	0.009945	2085	138	42977	350	67706	64867	0.005396	1510	109	66488	0	0	0	nan	0	0	0	0.004550	0.000568	0.004550	0.000568	0.749151	0.093520
95	A	113	43924	41551	0.002720	2071	135	42987	109	67710	64902	0.001679	1505	106	66496	0	0	0	nan	0	0	0	0.001040	0.000302	0.001040	0.000302	0.171235	0.049724
96	A	129	43929	41703	0.003093	2070	122	42997	57	67717	65064	0.000876	1505	94	66510	0	0	0	nan	0	0	0	0.002217	0.000296	0.002217	0.000296	0.365026	0.048736
97	A	42	43931	41666	0.001008	2068	121	42995	41	67718	65003	0.000631	1505	92	66506	0	0	0	nan	0	0	0	0.000377	0.000184	0.000377	0.000184	0.062073	0.030295
98	A	71	43931	41637	0.001705	2064	115	42986	79	67718	65082	0.001214	1504	91	66505	0	0	0	nan	0	0	0	0.000491	0.000244	0.000491	0.000244	0.080842	0.040174
99	G	216	43932	41501	0.005205	2061	114	42979	320	67719	64779	0.004940	1504	91	66503	0	0	0	nan	0	0	0	0.000265	0.000449	0.000265	0.000449	0.043632	0.073927
100	C	55	43932	41383	0.001329	2060	114	42972	73	67716	64670	0.001129	1504	91	66489	0	0	0	nan	0	0	0	0.000200	0.000223	0.000200	0.000223	0.032930	0.036717
101	A	281	43933	41536	0.006765	2034	109	42973	83	67712	64679	0.001283	1482	83	66482	0	0	0	nan	0	0	0	0.005482	0.000427	0.005482	0.000427	0.902604	0.070305
102	A	42	43934	41323	0.001016	2032	107	42973	56	67713	64756	0.000865	1482	83	66473	0	0	0	nan	0	0	0	0.000152	0.000195	0.000152	0.000195	0.025027	0.032106
103	G	566	43933	41709	0.013570	2031	107	42967	83	67714	64870	0.001279	1482	83	66458	0	0	0	nan	0	0	0	0.012291	0.000587	0.012291	0.000587	2.023697	0.096649
104	A	51	43940	41643	0.001225	2025	107	42975	65	67720	64711	0.001004	1481	82	66458	0	0	0	nan	0	0	0	0.000220	0.000212	0.000220	0.000212	0.036223	0.034906
105	G	67	43940	41680	0.001607	2024	107	42974	66	67722	64794	0.001019	1481	82	66462	0	0	0	nan	0	0	0	0.000589	0.000233	0.000589	0.000233	0.096978	0.038363
106	A	69	43941	41628	0.001658	1942	106	42973	59	67722	64803	0.000910	1443	82	66463	0	0	0	nan	0	0	0	0.000747	0.000232	0.000747	0.000232	0.122993	0.038198
107	G	224	43944	41656	0.005377	1940	106	42973	47	67727	64934	0.000724	1445	82	66473	0	0	0	nan	0	0	0	0.004654	0.000374	0.004654	0.000374	0.766275	0.061579
108	A	328	43948	41671	0.007871	1901	105	42980	69	67729	65054	0.001061	1420	81	66473	0	0	0	nan	0	0	0	0.006811	0.000453	0.006811	0.000453	1.121422	0.074586
109	A	226	43951	41686	0.005421	1896	100	42976	69	67730	64946	0.001062	1420	75	66461	0	0	0	nan	0	0	0	0.004359	0.000383	0.004359	0.000383	0.717704	0.063060
110	G	190	43950	41609	0.004566	1887	95	42971	128	67733	64903	0.001972	1416	74	66458	0	0	0	nan	0	0	0	0.002594	0.000374	0.002594	0.000374	0.427099	0.061579
111	G	388	43951	41102	0.009440	1872	95	42963	494	67732	64300	0.007683	1405	74	66449	0	0	0	nan	0	0	0	0.001757	0.000591	0.001757	0.000591	0.289288	0.097307
112	C	81	43950	40874	0.001982	1844	94	42925	96	67731	64188	0.001496	1394	74	66421	0	0	0	nan	0	0	0	0.000486	0.000268	0.000486	0.000268	0.080019	0.044126
113	A	120	43953	40903	0.002934	1765	94	42937	57	67735	64251	0.000887	1373	74	66429	0	0	0	nan	0	0	0	0.002047	0.000292	0.002047	0.000292	0.337036	0.048077
114	G	340	43954	41333	0.008226	1760	94	42936	105	67737	64658	0.001624	1369	74	66433	0	0	0	nan	0	0	0	0.006602	0.000473	0.006602	0.000473	1.087010	0.077879
115	G	282	43956	41274	0.006832	1719	93	42923	74	67739	64642	0.001145	1303	73	66414	0	0	0	nan	0	0	0	0.005688	0.000428	0.005688	0.000428	0.936522	0.070470
116	A	142	43957	41213	0.003446	1704	93	42908	55	67740	64563	0.000852	1291	73	66411	0	0	0	nan	0	0	0	0.002594	0.000311	0.002594	0.000311	0.427099	0.051206
117	G	198	43958	40794	0.004854	1702	93	42908	104	67743	64223	0.001619	1290	73	66417	0	0	0	nan	0	0	0	0.003234	0.000380	0.003234	0.000380	0.532474	0.062566
118	U	332	43960	40569	0.008184	1682	93	42897	413	67742	64143	0.006439	1275	73	66412	0	0	0	nan	0	0	0	0.001745	0.000550	0.001745	0.000550	0.287312	0.090557
119	C	203	43961	40573	0.005003	1682	93	42903	84	67746	64129	0.001310	1275	72	66418	0	0	0	nan	0	0	0	0.003693	0.000379	0.003693	0.000379	0.608048	0.062402
120	U	284	43968	40879	0.006947	1682	93	42921	74	67753	64387	0.001149	1275	72	66435	0	0	0	nan	0	0	0	0.005798	0.000433	0.005798	0.000433	0.954633	0.071293
121	G	345	43977	41284	0.008357	1681	92	42935	285	67761	64616	0.004411	1273	72	66456	0	0	0	nan	0	0	0	0.003946	0.000520	0.003946	0.000520	0.649704	0.085617
122	G	169	43982	41411	0.004081	1677	92	42948	206	67771	64700	0.003184	1275	72	66469	0	0	0	nan	0	0	0	0.000897	0.000384	0.000897	0.000384	0.147690	0.063225
123	G	61	44002	41237	0.001479	1680	92	42988	94	67790	64670	0.001454	1276	72	66509	0	0	0	nan	0	0	0	0.000026	0.000242	0.000026	0.000242	0.004281	0.039845
124	A	156	44008	41171	0.003789	1673	92	42993	106	67796	64678	0.001639	1271	72	66524	0	0	0	nan	0	0	0	0.002150	0.000343	0.002150	0.000343	0.353995	0.056474
125	U	252	44011	41201	0.006116	1667	92	42998	61	67803	64672	0.000943	1266	72	66539	0	0	0	nan	0	0	0	0.005173	0.000404	0.005173	0.000404	0.851728	0.066518
126	A	258	44012	41143	0.006271	930	15	42997	73	67806	64405	0.001133	722	11	66540	0	0	0	nan	0	0	0	0.005137	0.000412	0.005137	0.000412	0.845800	0.067835
127	G	679	44017	41373	0.016412	926	15	43007	639	67810	64709	0.009875	722	11	66544	0	0	0	nan	0	0	0	0.006537	0.000741	0.006537	0.000741	1.076308	0.122005
128	G	153	44030	41607	0.003677	925	15	43027	189	67833	64944	0.002910	723	11	66579	0	0	0	nan	0	0	0	0.000767	0.000365	0.000767	0.000365	0.126286	0.060097
129	G	117	44032	41224	0.002838	941	15	43031	101	67832	64529	0.001565	725	11	66582	0	0	0	nan	0	0	0	0.001273	0.000305	0.001273	0.000305	0.209598	0.050218
130	A	356	44031	41418	0.008595	933	15	43024	432	67833	64838	0.006663	723	11	66582	0	0	0	nan	0	0	0	0.001933	0.000557	0.001933	0.000557	0.318266	0.091709
131	A	115	44033	41397	0.002778	930	15	43027	63	67834	64739	0.000973	722	11	66584	0	0	0	nan	0	0	0	0.001805	0.000287	0.001805	0.000287	0.297191	0.047254
132	G	415	44031	41757	0.009938	873	6	43024	415	67834	65110	0.006374	688	3	66582	0	0	0	nan	0	0	0	0.003565	0.000580	0.003565	0.000580	0.586972	0.095496
133	G	123	44033	41954	0.002932	868	6	43027	157	67834	65314	0.002404	687	3	66585	0	0	0	nan	0	0	0	0.000528	0.000327	0.000528	0.000327	0.086934	0.053840
134	G	94	44036	41763	0.002251	888	6	43027	64	67834	65082	0.000983	690	3	66586	0	0	0	nan	0	0	0	0.001267	0.000263	0.001267	0.000263	0.208610	0.043303
135	A	86	44034	41547	0.002070	875	6	43022	96	67834	64911	0.001479	686	3	66587	0	0	0	nan	0	0	0	0.000591	0.000269	0.000591	0.000269	0.097307	0.044290
136	A	99	44034	41547	0.002383	875	6	43023	85	67837	64888	0.001310	687	3	66589	0	0	0	nan	0	0	0	0.001073	0.000278	0.001073	0.000278	0.176668	0.045772
137	G	280	44036	41727	0.006710	859	6	43024	329	67841	65052	0.005057	679	3	66600	0	0	0	nan	0	0	0	0.001653	0.000488	0.001653	0.000488	0.272164	0.080349
138	G	558	44035	41940	0.013305	845	6	43019	707	67841	65266	0.010833	667	3	66593	0	0	0	nan	0	0	0	0.002472	0.000695	0.002472	0.000695	0.407012	0.114431
139	G	145	44034	41765	0.003472	852	6	43008	153	67841	64848	0.002359	665	3	66572	0	0	0	nan	0	0	0	0.001112	0.000346	0.001112	0.000346	0.183089	0.056968
140	A	104	44036	41799	0.002488	828	6	43003	81	67840	64845	0.001249	640	3	66560	0	0	0	nan	0	0	0	0.001239	0.000281	0.001239	0.000281	0.204000	0.046266
141	A	117	44036	41889	0.002793	828	6	43004	57	67843	64914	0.000878	638	3	66572	0	0	0	nan	0	0	0	0.001915	0.000283	0.001915	0.000283	0.315302	0.046596
142	G	195	44036	41930	0.004651	819	6	43003	59	67843	65020	0.000907	630	3	66570	0	0	0	nan	0	0	0	0.003743	0.000353	0.003743	0.000353	0.616280	0.058121
143	A	184	44036	41933	0.004388	810	6	43003	261	67843	65021	0.004014	613	3	66568	0	0	0	nan	0	0	0	0.000374	0.000408	0.000374	0.000408	0.061579	0.067177
144	G	101	44036	41957	0.002407	814	6	43002	63	67843	65122	0.000967	612	3	66570	0	0	0	nan	0	0	0	0.001440	0.000269	0.001440	0.000269	0.237094	0.044290
145	A	285	44037	42046	0.006778	792	6	43007	73	67845	65245	0.001119	603	3	66578	0	0	0	nan	0	0	0	0.005659	0.000422	0.005659	0.000422	0.931747	0.069482
146	A	42	44039	42026	0.000999	793	6	43007	49	67845	65326	0.000750	604	3	66577	0	0	0	nan	0	0	0	0.000249	0.000188	0.000249	0.000188	0.040998	0.030954
147	G	250	44038	42018	0.005950	762	5	43008	49	67847	65197	0.000752	587	3	66579	0	0	0	nan	0	0	0	0.005198	0.000391	0.005198	0.000391	0.855844	0.064378
148	A	55	44037	41875	0.001313	752	5	43005	71	67849	64770	0.001096	572	3	66583	0	0	0	nan	0	0	0	0.000217	0.000220	0.000217	0.000220	0.035729	0.036223
149	G	180	44037	41725	0.004314	757	5	43008	49	67849	64604	0.000758	580	3	66584	0	0	0	nan	0	0	0	0.003555	0.000339	0.003555	0.000339	0.585326	0.055816
150	A	277	44036	41683	0.006645	736	5	43008	58	67850	64383	0.000901	575	3	66582	0	0	0	nan	0	0	0	0.005745	0.000416	0.005745	0.000416	0.945907	0.068494
151	A	50	44037	41779	0.001197	744	5	43010	57	67850	64761	0.000880	575	3	66583	0	0	0	nan	0	0	0	0.000317	0.000206	0.000317	0.000206	0.052194	0.033918
152	G	193	44037	41905	0.004606	748	5	43009	88	67855	64973	0.001354	571	3	66593	0	0	0	nan	0	0	0	0.003251	0.000362	0.003251	0.000362	0.535273	0.059603
153	A	59	44039	41965	0.001406	741	5	43009	77	67856	65073	0.001183	558	3	66592	0	0	0	nan	0	0	0	0.000223	0.000227	0.000223	0.000227	0.036717	0.037375
154	G	115	44040	41516	0.002770	739	4	43012	100	67857	64723	0.001545	558	3	66591	0	0	0	nan	0	0	0	0.001225	0.000301	0.001225	0.000301	0.201695	0.049559
155	U	152	44041	41551	0.003658	739	4	43006	161	67861	64755	0.002486	568	3	66592	0	0	0	nan	0	0	0	0.001172	0.000356	0.001172	0.000356	0.192968	0.058615
156	A	32	44044	41555	0.000770	739	4	43010	46	67862	64827	0.000710	567	3	66596	0	0	0	nan	0	0	0	0.000060	0.000172	0.000060	0.000172	0.009879	0.028320
157	G	179	44046	41843	0.004278	739	4	43016	238	67864	65017	0.003661	567	3	66599	0	0	0	nan	0	0	0	0.000617	0.000398	0.000617	0.000398	0.101588	0.065530
158	C	570	44050	41751	0.013652	742	4	43029	814	67872	65008	0.012522	567	3	66621	0	0	0	nan	0	0	0	0.001131	0.000721	0.001131	0.000721	0.186218	0.118712
159	U	100	44050	41756	0.002395	740	4	43044	99	67872	65118	0.001520	557	3	66627	0	0	0	nan	0	0	0	0.000875	0.000284	0.000875	0.000284	0.144068	0.046760
160	U	79	44054	41924	0.001884	744	4	43057	83	67888	65333	0.001270	556	3	66663	0	0	0	nan	0	0	0	0.000614	0.000254	0.000614	0.000254	0.101094	0.041821
161	G	97	44059	42096	0.002304	743	5	43075	78	67889	65434	0.001192	553	4	66675	0	0	0	nan	0	0	0	0.001112	0.000270	0.001112	0.000270	0.183089	0.044455
162	U	554	44062	41914	0.013218	734	4	43079	740	67892	65185	0.011352	551	4	66681	0	0	0	nan	0	0	0	0.001865	0.000700	0.001865	0.000700	0.307070	0.115254
163	C	54	44065	41827	0.001291	759	4	43079	74	67894	65031	0.001138	559	4	66672	0	0	0	nan	0	0	0	0.000153	0.000220	0.000153	0.000220	0.025191	0.036223
164	U	196	44066	41847	0.004684	757	4	43079	106	67896	65085	0.001629	558	4	66676	0	0	0	nan	0	0	0	0.003055	0.000370	0.003055	0.000370	0.503002	0.060920
165	A	105	44066	42007	0.002500	754	4	43077	88	67900	65377	0.001346	559	4	66681	0	0	0	nan	0	0	0	0.001154	0.000283	0.001154	0.000283	0.190005	0.046596
166	A	55	44066	42076	0.001307	753	4	43073	39	67904	65541	0.000595	559	4	66685	0	0	0	nan	0	0	0	0.000712	0.000200	0.000712	0.000200	0.117230	0.032930
167	A	71	44066	41969	0.001692	756	3	43077	65	67906	65536	0.000992	561	4	66687	0	0	0	nan	0	0	0	0.000700	0.000235	0.000700	0.000235	0.115254	0.038692
168	G	109	44065	41726	0.002612	755	3	43077	66	67906	65443	0.001009	561	4	66691	0	0	0	nan	0	0	0	0.001604	0.000279	0.001604	0.000279	0.264096	0.045937
169	U	251	44066	41710	0.006018	750	2	43076	235	67906	65406	0.003593	557	4	66693	0	0	0	nan	0	0	0	0.002425	0.000446	0.002425	0.000446	0.399273	0.073433
170	A	133	44066	41205	0.003228	751	2	43080	67	67906	65372	0.001025	557	4	66693	0	0	0	nan	0	0	0	0.002203	0.000307	0.002203	0.000307	0.362721	0.050547
171	A	564	44067	41568	0.013568	751	2	43081	35	67906	65396	0.000535	557	4	66693	0	0	0	nan	0	0	0	0.013033	0.000578	0.013033	0.000578	2.145866	0.095167
172	A	602	44068	41377	0.014549	753	2	43084	81	67907	64898	0.001248	557	4	66694	0	0	0	nan	0	0	0	0.013301	0.000609	0.013301	0.000609	2.189992	0.100271
173	U	340	44072	41111	0.008270	754	2	43089	81	67908	64931	0.001247	557	5	66701	0	0	0	nan	0	0	0	0.007023	0.000469	0.007023	0.000469	1.156328	0.077220
174	U	216	44073	41303	0.005230	755	2	43089	68	67907	65207	0.001043	557	5	66707	0	0	0	nan	0	0	0	0.004187	0.000378	0.004187	0.000378	0.689384	0.062237
175	G	684	44072	41691	0.016406	756	2	43087	73	67907	65360	0.001117	557	5	66708	0	0	0	nan	0	0	0	0.015290	0.000641	0.015290	0.000641	2.517478	0.105540
176	U	496	44071	41799	0.011866	758	2	43077	512	67910	65318	0.007839	558	5	66708	0	0	0	nan	0	0	0	0.004028	0.000636	0.004028	0.000636	0.663205	0.104717
177	C	82	44075	41693	0.001967	760	2	43074	49	67916	65254	0.000751	560	5	66707	0	0	0	nan	0	0	0	0.001216	0.000242	0.001216	0.000242	0.200213	0.039845
178	U	122	44082	41737	0.002923	759	3	43083	85	67921	65322	0.001301	561	5	66715	0	0	0	nan	0	0	0	0.001622	0.000300	0.001622	0.000300	0.267060	0.049395
179	G	119	44086	41540	0.002865	757	3	43090	132	67927	65260	0.002023	560	5	66727	0	0	0	nan	0	0	0	0.000842	0.000316	0.000842	0.000316	0.138634	0.052029
180	G	646	44090	41522	0.015558	758	3	43097	497	67930	65181	0.007625	560	5	66737	0	0	0	nan	0	0	0	0.007933	0.000701	0.007933	0.000701	1.306158	0.115419
181	C	232	44092	41473	0.005594	786	3	43107	101	67939	64997	0.001554	584	5	66758	0	0	0	nan	0	0	0	0.004040	0.000398	0.004040	0.000398	0.665181	0.065530
182	U	194	44097	41562	0.004668	787	3	43114	74	67944	65082	0.001137	585	5	66775	0	0	0	nan	0	0	0	0.003531	0.000360	0.003531	0.000360	0.581374	0.059274
183	G	80	44102	41702	0.001918	821	25	43126	43	67944	65139	0.000660	600	22	66775	0	0	0	nan	0	0	0	0.001258	0.000237	0.001258	0.000237	0.207128	0.039022
184	A	169	44104	41728	0.004050	819	25	43128	44	67945	65093	0.000676	600	23	66773	0	0	0	nan	0	0	0	0.003374	0.000328	0.003374	0.000328	0.555525	0.054005
185	A	181	44103	41375	0.004375	819	25	43124	52	67947	64616	0.000805	600	23	66778	0	0	0	nan	0	0	0	0.003570	0.000344	0.003570	0.000344	0.587796	0.056639
186	C	69	44103	41169	0.001676	821	25	43117	79	67946	64650	0.001222	601	23	66769	0	0	0	nan	0	0	0	0.000454	0.000244	0.000454	0.000244	0.074750	0.040174
187	C	40	44102	41225	0.000970	812	25	43120	51	67949	64876	0.000786	598	23	66777	0	0	0	nan	0	0	0	0.000184	0.000189	0.000184	0.000189	0.030295	0.031119
188	A	80	44105	40962	0.001953	809	25	43127	59	67955	65324	0.000903	597	23	66787	0	0	0	nan	0	0	0	0.001050	0.000248	0.001050	0.000248	0.172881	0.040833
189	G	710	44106	41721	0.017018	810	25	43130	88	67957	65452	0.001344	596	24	66790	0	0	0	nan	0	0	0	0.015673	0.000655	0.015673	0.000655	2.580539	0.107845
190	A	272	44101	41815	0.006505	811	26	43124	70	67955	65480	0.001069	596	24	66789	0	0	0	nan	0	0	0	0.005436	0.000415	0.005436	0.000415	0.895030	0.068329
191	G	511	44101	41833	0.012215	811	26	43121	141	67959	65318	0.002159	596	24	66801	0	0	0	nan	0	0	0	0.010057	0.000570	0.010057	0.000570	1.655872	0.093850
192	G	199	44103	41810	0.004760	822	26	43126	47	67958	65393	0.000719	603	25	66796	0	0	0	nan	0	0	0	0.004041	0.000353	0.004041	0.000353	0.665345	0.058121
193	A	542	44109	41971	0.012914	890	38	43130	55	67961	65403	0.000841	648	52	66794	0	0	0	nan	0	0	0	0.012073	0.000566	0.012073	0.000566	1.987803	0.093191
194	G	322	44111	41922	0.007681	892	38	43135	153	67965	65358	0.002341	647	52	66803	0	0	0	nan	0	0	0	0.005340	0.000468	0.005340	0.000468	0.879224	0.077056
195	G	116	44112	41659	0.002785	895	38	43134	117	67968	65106	0.001797	647	52	66808	0	0	0	nan	0	0	0	0.000987	0.000307	0.000987	0.000307	0.162508	0.050547
196	A	171	44112	41549	0.004116	903	38	43133	44	67970	64802	0.000679	659	52	66811	0	0	0	nan	0	0	0	0.003437	0.000331	0.003437	0.000331	0.565897	0.054499
197	G	303	44114	41143	0.007365	917	38	43142	314	67974	64429	0.004874	662	52	66822	0	0	0	nan	0	0	0	0.002491	0.000505	0.002491	0.000505	0.410140	0.083148
198	C	94	44115	41016	0.002292	922	38	43141	138	67976	64485	0.002140	667	52	66830	0	0	0	nan	0	0	0	0.000152	0.000298	0.000152	0.000298	0.025027	0.049065
199	C	54	44120	41137	0.001313	923	40	43162	55	67988	64660	0.000851	668	54	66852	0	0	0	nan	0	0	0	0.000462	0.000212	0.000462	0.000212	0.076068	0.034906
200	A	82	44129	41466	0.001978	930	40	43183	61	68009	65095	0.000937	677	54	66894	0	0	0	nan	0	0	0	0.001040	0.000249	0.001040	0.000249	0.171235	0.040998
201	G	136	44135	41665	0.003264	930	40	43196	130	68014	65206	0.001994	679	54	66902	0	0	0	nan	0	0	0	0.001270	0.000330	0.001270	0.000330	0.209104	0.054334
202	G	113	44141	41476	0.002724	941	40	43207	97	68017	65014	0.001492	688	55	66914	0	0	0	nan	0	0	0	0.001232	0.000298	0.001232	0.000298	0.202847	0.049065
203	A	266	44146	41394	0.006426	952	42	43220	55	68017	64812	0.000849	705	55	66919	0	0	0	nan	0	0	0	0.005577	0.000410	0.005577	0.000410	0.918246	0.067506
204	G	706	44148	41141	0.017160	955	42	43221	373	68017	64408	0.005791	705	55	66921	0	0	0	nan	0	0	0	0.011369	0.000712	0.011369	0.000712	1.871891	0.117230
205	C	190	44150	41183	0.004614	981	46	43226	114	68020	64360	0.001771	739	57	66914	0	0	0	nan	0	0	0	0.002842	0.000374	0.002842	0.000374	0.467932	0.061579
206	A	68	44153	41070	0.001656	1007	48	43238	47	68024	64406	0.000730	767	58	66923	0	0	0	nan	0	0	0	0.000926	0.000227	0.000926	0.000227	0.152465	0.037375
207	G	583	44153	41225	0.014142	1009	49	43245	285	68024	64457	0.004422	773	59	66932	0	0	0	nan	0	0	0	0.009720	0.000642	0.009720	0.000642	1.600385	0.105704
208	C	108	44161	41028	0.002632	1051	60	43263	134	68031	64223	0.002086	830	62	66941	0	0	0	nan	0	0	0	0.000546	0.000311	0.000546	0.000311	0.089898	0.051206
209	C	115	44172	41006	0.002804	1060	64	43304	178	68047	64288	0.002769	838	62	67001	0	0	0	nan	0	0	0	0.000036	0.000334	0.000036	0.000334	0.005927	0.054993
210	U	114	44191	41214	0.002766	1061	64	43374	114	68072	64551	0.001766	839	62	67090	0	0	0	nan	0	0	0	0.001000	0.000307	0.001000	0.000307	0.164649	0.050547
211	G	147	44202	41543	0.003539	1055	65	43412	177	68098	65125	0.002718	840	68	67151	0	0	0	nan	0	0	0	0.000821	0.000356	0.000821	0.000356	0.135177	0.058615
212	G	613	44220	41274	0.014852	1253	106	43446	735	68118	64532	0.011390	1047	126	67199	0	0	0	nan	0	0	0	0.003462	0.000732	0.003462	0.000732	0.570014	0.120523
213	C	472	44242	41205	0.011455	1429	160	43506	609	68133	64500	0.009442	1203	181	67250	0	0	0	nan	0	0	0	0.002013	0.000651	0.002013	0.000651	0.331438	0.107186
214	C	51	44265	41272	0.001236	1718	172	43565	69	68161	64582	0.001068	1325	191	67328	0	0	0	nan	0	0	0	0.000167	0.000216	0.000167	0.000216	0.027496	0.035564
215	U	179	44273	41610	0.004302	1721	177	43603	92	68178	64962	0.001416	1327	196	67368	0	0	0	nan	0	0	0	0.002886	0.000354	0.002886	0.000354	0.475176	0.058286
216	G	47	44280	41928	0.001121	1721	189	43623	33	68200	65386	0.000505	1325	204	67417	0	0	0	nan	0	0	0	0.000616	0.000186	0.000616	0.000186	0.101424	0.030625
217	A	217	44290	41938	0.005174	1737	299	43633	138	68207	65311	0.002113	1332	276	67433	0	0	0	nan	0	0	0	0.003061	0.000395	0.003061	0.000395	0.503990	0.065036
218	G	298	44303	41772	0.007134	1739	302	43666	313	68220	65091	0.004809	1333	293	67462	0	0	0	nan	0	0	0	0.002325	0.000495	0.002325	0.000495	0.382808	0.081501
219	G	161	44315	41927	0.003840	1754	309	43702	155	68248	65321	0.002373	1347	303	67526	0	0	0	nan	0	0	0	0.001467	0.000358	0.001467	0.000358	0.241540	0.058944
220	G	85	44330	42114	0.002018	1762	312	43746	119	68275	65765	0.001809	1355	305	67589	0	0	0	nan	0	0	0	0.000209	0.000275	0.000209	0.000275	0.034412	0.045278
221	A	80	44334	42064	0.001902	1777	312	43759	58	68284	65889	0.000880	1358	306	67611	0	0	0	nan	0	0	0	0.001022	0.000242	0.001022	0.000242	0.168271	0.039845
222	U	232	44336	42200	0.005498	1786	313	43765	114	68284	66012	0.001727	1363	307	67618	0	0	0	nan	0	0	0	0.003771	0.000396	0.003771	0.000396	0.620890	0.065201
223	G	127	44337	41900	0.003031	1787	314	43771	78	68285	65659	0.001188	1363	309	67618	0	0	0	nan	0	0	0	0.001843	0.000301	0.001843	0.000301	0.303447	0.049559
224	U	95	44344	41992	0.002262	1866	320	43782	95	68289	65687	0.001446	1394	317	67621	0	0	0	nan	0	0	0	0.000816	0.000275	0.000816	0.000275	0.134353	0.045278
225	A	230	44349	41914	0.005487	1868	332	43793	72	68297	65750	0.001095	1397	325	67629	0	0	0	nan	0	0	0	0.004392	0.000384	0.004392	0.000384	0.723137	0.063225
226	G	456	44350	42331	0.010772	1879	345	43793	227	68297	66012	0.003439	1402	332	67634	0	0	0	nan	0	0	0	0.007333	0.000554	0.007333	0.000554	1.207369	0.091215
227	A	171	44353	42115	0.004060	1881	346	43808	152	68312	65738	0.002312	1402	333	67658	0	0	0	nan	0	0	0	0.001748	0.000363	0.001748	0.000363	0.287806	0.059767
228	A	270	44360	42100	0.006413	1882	347	43832	59	68327	65560	0.000900	1403	334	67689	0	0	0	nan	0	0	0	0.005513	0.000408	0.005513	0.000408	0.907708	0.067177
229	A	70	44364	42007	0.001666	1884	347	43844	47	68333	65487	0.000718	1404	334	67708	0	0	0	nan	0	0	0	0.000949	0.000225	0.000949	0.000225	0.156252	0.037046
230	G	202	44372	41498	0.004868	1885	349	43869	239	68351	65370	0.003656	1405	337	67765	0	0	0	nan	0	0	0	0.001212	0.000416	0.001212	0.000416	0.199554	0.068494
231	U	150	44373	41492	0.003615	1902	357	43872	108	68354	65495	0.001649	1411	343	67772	0	0	0	nan	0	0	0	0.001966	0.000335	0.001966	0.000335	0.323699	0.055157
232	U	502	44379	41714	0.012034	1903	360	43878	69	68357	65218	0.001058	1414	343	67781	0	0	0	nan	0	0	0	0.010976	0.000552	0.010976	0.000552	1.807184	0.090886
233	G	240	44381	41840	0.005736	1897	361	43889	56	68361	65395	0.000856	1414	344	67792	0	0	0	nan	0	0	0	0.004880	0.000388	0.004880	0.000388	0.803485	0.063884
234	U	91	44390	42108	0.002161	1899	365	43907	95	68366	65666	0.001447	1415	345	67811	0	0	0	nan	0	0	0	0.000714	0.000271	0.000714	0.000271	0.117559	0.044620
235	A	341	44403	42115	0.008097	1896	380	43942	53	68377	66008	0.000803	1414	350	67847	0	0	0	nan	0	0	0	0.007294	0.000452	0.007294	0.000452	1.200947	0.074421
236	G	383	44419	42580	0.008995	2129	700	43969	43	68385	66396	0.000648	1621	570	67860	0	0	0	nan	0	0	0	0.008347	0.000470	0.008347	0.000470	1.374322	0.077385
237	A	314	44415	42488	0.007390	2134	716	43969	84	68389	66275	0.001267	1621	575	67862	0	0	0	nan	0	0	0	0.006123	0.000439	0.006123	0.000439	1.008144	0.072281
238	A	178	44416	42615	0.004177	2151	737	43974	85	68391	66370	0.001281	1634	587	67865	0	0	0	nan	0	0	0	0.002896	0.000343	0.002896	0.000343	0.476823	0.056474
239	G	181	44416	42373	0.004272	2151	740	43975	104	68392	66045	0.001575	1634	590	67869	0	0	0	nan	0	0	0	0.002697	0.000353	0.002697	0.000353	0.444057	0.058121
240	G	735	44417	42105	0.017456	2153	744	43977	871	68392	65694	0.013258	1632	594	67872	0	0	0	nan	0	0	0	0.004198	0.000785	0.004198	0.000785	0.691195	0.129249
241	C	80	44419	42001	0.001905	2166	771	43980	98	68394	65655	0.001493	1638	603	67878	0	0	0	nan	0	0	0	0.000412	0.000261	0.000412	0.000261	0.067835	0.042973
242	A	73	44425	42037	0.001737	2148	773	43999	48	68397	65823	0.000729	1622	607	67883	0	0	0	nan	0	0	0	0.001007	0.000229	0.001007	0.000229	0.165801	0.037705
243	G	271	44430	42552	0.006369	2146	779	44014	59	68404	66269	0.000890	1622	609	67895	0	0	0	nan	0	0	0	0.005478	0.000404	0.005478	0.000404	0.901945	0.066518
244	A	107	44437	42388	0.002524	2148	785	44021	83	68407	65877	0.001260	1621	611	67905	0	0	0	nan	0	0	0	0.001264	0.000280	0.001264	0.000280	0.208116	0.046102
245	G	711	44439	42216	0.016842	2149	788	44034	893	68413	65584	0.013616	1622	614	67923	0	0	0	nan	0	0	0	0.003226	0.000779	0.003226	0.000779	0.531157	0.128261
246	G	257	44450	42074	0.006108	2154	793	44065	278	68416	65239	0.004261	1621	618	67938	0	0	0	nan	0	0	0	0.001847	0.000459	0.001847	0.000459	0.304106	0.075574
247	G	110	44423	42138	0.002610	2160	804	44031	137	68359	65357	0.002096	1622	636	67833	0	0	0	nan	0	0	0	0.000514	0.000307	0.000514	0.000307	0.084629	0.050547
248	G	88	44421	41983	0.002096	2164	809	44053	83	68362	65124	0.001274	1623	643	67883	0	0	0	nan	0	0	0	0.000822	0.000264	0.000822	0.000264	0.135341	0.043467
249	A	76	44417	41836	0.001817	2169	812	44049	65	68365	65023	0.001000	1624	643	67888	0	0	0	nan	0	0	0	0.000817	0.000242	0.000817	0.000242	0.134518	0.039845
250	U	234	44422	41700	0.005612	2178	837	44058	124	68368	64912	0.001910	1632	661	67899	0	0	0	nan	0	0	0	0.003701	0.000405	0.003701	0.000405	0.609365	0.066683
251	G	449	44422	42187	0.010643	2187	840	44062	144	68369	65478	0.002199	1632	662	67908	0	0	0	nan	0	0	0	0.008444	0.000535	0.008444	0.000535	1.390293	0.088087
252	U	160	44427	42284	0.003784	2200	841	44069	142	68373	65759	0.002159	1633	667	67914	0	0	0	nan	0	0	0	0.001625	0.000350	0.001625	0.000350	0.267554	0.057627
253	G	63	44430	42147	0.001495	2200	841	44074	66	68374	65640	0.001005	1634	667	67916	0	0	0	nan	0	0	0	0.000489	0.000225	0.000489	0.000225	0.080513	0.037046
254	A	57	44432	42004	0.001357	2202	843	44078	56	68377	65578	0.000854	1634	674	67921	0	0	0	nan	0	0	0	0.000503	0.000213	0.000503	0.000213	0.082818	0.035070
255	A	43	44432	42034	0.001023	2216	862	44085	57	68380	65770	0.000867	1635	684	67926	0	0	0	nan	0	0	0	0.000156	0.000194	0.000156	0.000194	0.025685	0.031942
256	C	94	44436	41681	0.002255	2232	928	44094	73	68386	65579	0.001113	1640	733	67938	0	0	0	nan	0	0	0	0.001142	0.000267	0.001142	0.000267	0.188029	0.043961
257	U	326	44438	41038	0.007944	2232	930	44102	82	68398	65661	0.001249	1639	734	67958	0	0	0	nan	0	0	0	0.006695	0.000461	0.006695	0.000461	1.102323	0.075903
258	G	1291	44442	42045	0.030705	2236	949	44110	313	68401	65739	0.004761	1639	739	67963	0	0	0	nan	0	0	0	0.025944	0.000896	0.025944	0.000896	4.271645	0.147525
259	U	82	44454	42428	0.001933	2236	952	44143	99	68421	66197	0.001496	1640	742	68004	0	0	0	nan	0	0	0	0.000437	0.000261	0.000437	0.000261	0.071951	0.042973
260	G	1399	44457	42111	0.033222	2236	952	44149	940	68429	65834	0.014278	1640	743	68021	0	0	0	nan	0	0	0	0.018943	0.001003	0.018943	0.001003	3.118940	0.165143
261	U	423	44469	41892	0.010097	2239	954	44176	276	68446	65598	0.004207	1639	743	68052	0	0	0	nan	0	0	0	0.005890	0.000552	0.005890	0.000552	0.969781	0.090886
262	U	286	44479	42145	0.006786	2238	954	44209	65	68471	65921	0.000986	1639	743	68113	0	0	0	nan	0	0	0	0.005800	0.000419	0.005800	0.000419	0.954962	0.068988
263	U	90	44485	41951	0.002145	2238	954	44221	44	68477	65630	0.000670	1639	743	68126	0	0	0	nan	0	0	0	0.001475	0.000248	0.001475	0.000248	0.242857	0.040833
264	G	257	44486	41351	0.006215	2237	954	44223	198	68480	65051	0.003044	1639	743	68130	0	0	0	nan	0	0	0	0.003171	0.000444	0.003171	0.000444	0.522101	0.073104
265	C	1303	44489	41267	0.031575	2240	955	44230	1439	68482	64571	0.022286	1638	743	68133	0	0	0	nan	0	0	0	0.009289	0.001054	0.009289	0.001054	1.529421	0.173540
266	U	781	44494	41167	0.018972	2240	956	44248	412	68493	64507	0.006387	1638	743	68149	0	0	0	nan	0	0	0	0.012585	0.000748	0.012585	0.000748	2.072103	0.123157
267	U	249	44501	41950	0.005936	2236	956	44265	75	68502	65477	0.001145	1636	743	68179	0	0	0	nan	0	0	0	0.004790	0.000399	0.004790	0.000399	0.788667	0.065695
268	U	118	44510	42041	0.002807	2233	956	44284	56	68508	65732	0.000852	1636	743	68202	0	0	0	nan	0	0	0	0.001955	0.000282	0.001955	0.000282	0.321888	0.046431
269	G	236	44529	41977	0.005622	2229	956	44327	193	68552	65655	0.002940	1630	743	68278	0	0	0	nan	0	0	0	0.002683	0.000423	0.002683	0.000423	0.441752	0.069646
270	G	913	44545	42048	0.021713	2225	956	44358	803	68575	65219	0.012312	1627	743	68324	0	0	0	nan	0	0	0	0.009401	0.000840	0.009401	0.000840	1.547862	0.138305
271	U	182	44572	42081	0.004325	2226	956	44407	188	68610	65530	0.002869	1627	743	68390	0	0	0	nan	0	0	0	0.001456	0.000383	0.001456	0.000383	0.239728	0.063060
272	U	263	44613	42302	0.006217	2222	956	44475	69	68659	65831	0.001048	1626	743	68480	0	0	0	nan	0	0	0	0.005169	0.000404	0.005169	0.000404	0.851069	0.066518
273	U	241	44655	42434	0.005679	2217	956	44549	254	68716	65982	0.003850	1620	743	68581	0	0	0	nan	0	0	0	0.001830	0.000438	0.001830	0.000438	0.301307	0.072116
274	C	237	44708	42166	0.005621	2217	956	44666	83	68782	65387	0.001269	1619	745	68720	0	0	0	nan	0	0	0	0.004351	0.000391	0.004351	0.000391	0.716386	0.064378
275	U	184	44728	42448	0.004335	2211	956	44699	188	68806	65602	0.002866	1616	745	68764	0	0	0	nan	0	0	0	0.001469	0.000382	0.001469	0.000382	0.241869	0.062896
276	C	63	44748	42371	0.001487	2204	956	44737	84	68840	65535	0.001282	1606	745	68827	0	0	0	nan	0	0	0	0.000205	0.000234	0.000205	0.000234	0.033753	0.038528
277	A	76	44783	42814	0.001775	2193	956	44778	45	68893	66214	0.000680	1602	745	68889	0	0	0	nan	0	0	0	0.001096	0.000227	0.001096	0.000227	0.180455	0.037375
278	U	128	44789	40812	0.003136	2189	956	44789	72	68903	63468	0.001134	1598	745	68903	0	0	0	nan	0	0	0	0.002002	0.000308	0.002002	0.000308	0.329627	0.050712
279	A	155	44789	40809	0.003798	2159	956	44789	56	68902	63498	0.000882	1566	745	68902	0	0	0	nan	0	0	0	0.002916	0.000327	0.002916	0.000327	0.480116	0.053840
280	C	0	44789	40946	0.000000	2159	956	44789	0	68902	63801	0.000000	1566	745	68902	0	0	0	nan	0	0	0	0.000000	0.000000	0.000000	0.000000	0.000000	0.000000
281	C	0	44789	0	nan	2137	956	44789	0	68902	0	nan	1524	745	68902	0	0	0	nan	0	0	0	nan	nan	nan	nan	nan	nan
282	U	0	44789	0	nan	2136	956	44789	0	68902	0	nan	1524	745	68902	0	0	0	nan	0	0	0	nan	nan	nan	nan	nan	nan
283	C	0	44789	0	nan	2130	956	44789	0	68902	0	nan	1521	745	68902	0	0	0	nan	0	0	0	nan	nan	nan	nan	nan	nan
284	U	0	44789	0	nan	2124	956	44789	0	68902	0	nan	1519	745	68902	0	0	0	nan	0	0	0	nan	nan	nan	nan	nan	nan
285	U	0	44789	0	nan	2108	956	44789	0	68902	0	nan	1500	745	68902	0	0	0	nan	0	0	0	nan	nan	nan	nan	nan	nan
286	G	0	44789	0	nan	2104	956	44789	0	68902	0	nan	1496	745	68902	0	0	0	nan	0	0	0	nan	nan	nan	nan	nan	nan
287	C	0	44789	0	nan	2096	956	44789	0	68902	0	nan	1487	745	68902	0	0	0	nan	0	0	0	nan	nan	nan	nan	nan	nan
288	G	0	44789	0	nan	2096	955	44789	0	68902	0	nan	1487	745	68902	0	0	0	nan	0	0	0	nan	nan	nan	nan	nan	nan
289	G	0	44789	0	nan	2089	955	44789	0	68902	0	nan	1482	745	68902	0	0	0	nan	0	0	0	nan	nan	nan	nan	nan	nan
290	U	0	44789	0	nan	2047	955	44789	0	68902	0	nan	1454	745	68902	0	0	0	nan	0	0	0	nan	nan	nan	nan	nan	nan
291	C	0	44788	0	nan	2047	955	44788	0	68902	0	nan	1454	745	68902	0	0	0	nan	0	0	0	nan	nan	nan	nan	nan	nan
292	G	0	44775	0	nan	2047	955	44775	0	68893	0	nan	1454	745	68893	0	0	0	nan	0	0	0	nan	nan	nan	nan	nan	nan
293	C	0	44775	0	nan	2047	955	44775	0	68893	0	nan	1454	745	68893	0	0	0	nan	0	0	0	nan	nan	nan	nan	nan	nan
294	A	0	44766	0	nan	2047	955	44766	0	68892	0	nan	1454	745	68892	0	0	0	nan	0	0	0	nan	nan	nan	nan	nan	nan
295	C	0	44711	0	nan	2047	955	44711	0	68822	0	nan	1454	745	68822	0	0	0	nan	0	0	0	nan	nan	nan	nan	nan	nan
296	U	0	44708	0	nan	2047	955	44708	0	68822	0	nan	1454	745	68822	0	0	0	nan	0	0	0	nan	nan	nan	nan	nan	nan
297	A	0	44693	0	nan	2047	955	44693	0	68810	0	nan	1454	745	68810	0	0	0	nan	0	0	0	nan	nan	nan	nan	nan	nan
298	G	0	44667	0	nan	2047	955	44667	0	68771	0	nan	1454	745	68771	0	0	0	nan	0	0	0	nan	nan	nan	nan	nan	nan
299	U	0	44629	0	nan	2046	955	44629	0	68717	0	nan	1454	745	68717	0	0	0	nan	0	0	0	nan	nan	nan	nan	nan	nan
300	G	0	44593	0	nan	2045	955	44593	0	68647	0	nan	1454	744	68647	0	0	0	nan	0	0	0	nan	nan	nan	nan	nan	nan