Nucleotide	Sequence	Modified_mutations	Modified_read_depth	Modified_effective_depth	Modified_rate	Modified_off_target_mapped_depth	Modified_low_mapq_mapped_depth	Modified_primer_pair_1_mapped_depth	Untreated_mutations	Untreated_read_depth	Untreated_effective_depth	Untreated_rate	Untreated_off_target_mapped_depth	Untreated_low_mapq_mapped_depth	Untreated_primer_pair_1_mapped_depth	Denatured_mutations	Denatured_read_depth	Denatured_effective_depth	Denatured_rate	Denatured_off_target_mapped_depth	Denatured_low_mapq_mapped_depth	Denatured_primer_pair_1_mapped_depth	Reactivity_profile	Std_err	HQ_profile	HQ_stderr	Norm_profile	Norm_stderr
1	G	0	45272	0	nan	3164	981	45272	0	53911	0	nan	1752	378	53911	0	0	0	nan	0	0	0	nan	nan	nan	nan	nan	nan
2	C	0	45312	0	nan	3170	983	45312	0	54091	0	nan	1754	379	54091	0	0	0	nan	0	0	0	nan	nan	nan	nan	nan	nan
3	U	0	45338	0	nan	3171	984	45338	0	54116	0	nan	1756	379	54116	0	0	0	nan	0	0	0	nan	nan	nan	nan	nan	nan
4	U	0	45366	0	nan	3179	1007	45366	0	54151	0	nan	1764	397	54151	0	0	0	nan	0	0	0	nan	nan	nan	nan	nan	nan
5	C	0	45370	0	nan	3180	1008	45370	0	54153	0	nan	1769	397	54153	0	0	0	nan	0	0	0	nan	nan	nan	nan	nan	nan
6	G	0	45371	0	nan	3182	1008	45371	0	54156	0	nan	1773	397	54156	0	0	0	nan	0	0	0	nan	nan	nan	nan	nan	nan
7	A	0	45372	0	nan	3182	1008	45372	0	54157	0	nan	1773	397	54157	0	0	0	nan	0	0	0	nan	nan	nan	nan	nan	nan
8	U	0	45375	0	nan	3183	1008	45375	0	54158	0	nan	1773	397	54158	0	0	0	nan	0	0	0	nan	nan	nan	nan	nan	nan
9	A	0	45377	0	nan	3183	1008	45377	0	54159	0	nan	1773	397	54159	0	0	0	nan	0	0	0	nan	nan	nan	nan	nan	nan
10	U	0	45394	0	nan	3184	1008	45394	0	54165	0	nan	1773	397	54165	0	0	0	nan	0	0	0	nan	nan	nan	nan	nan	nan
11	C	0	45406	0	nan	3186	1008	45406	0	54173	0	nan	1773	397	54173	0	0	0	nan	0	0	0	nan	nan	nan	nan	nan	nan
12	C	0	45406	0	nan	3193	1008	45406	0	54174	0	nan	1773	397	54174	0	0	0	nan	0	0	0	nan	nan	nan	nan	nan	nan
13	G	0	45406	0	nan	3197	1008	45406	0	54174	0	nan	1773	397	54174	0	0	0	nan	0	0	0	nan	nan	nan	nan	nan	nan
14	C	0	45406	0	nan	3198	1008	45406	0	54174	0	nan	1773	397	54174	0	0	0	nan	0	0	0	nan	nan	nan	nan	nan	nan
15	A	0	45406	0	nan	3198	1008	45406	0	54174	0	nan	1773	397	54174	0	0	0	nan	0	0	0	nan	nan	nan	nan	nan	nan
16	U	0	45406	0	nan	3200	1009	45406	0	54174	0	nan	1774	397	54174	0	0	0	nan	0	0	0	nan	nan	nan	nan	nan	nan
17	G	0	45406	0	nan	3200	1010	45406	0	54175	0	nan	1774	397	54175	0	0	0	nan	0	0	0	nan	nan	nan	nan	nan	nan
18	C	0	45407	0	nan	3202	1010	45407	0	54175	0	nan	1775	397	54175	0	0	0	nan	0	0	0	nan	nan	nan	nan	nan	nan
19	U	101	45407	44100	0.002290	3202	1010	45407	83	54175	48571	0.001709	1775	397	54175	0	0	0	nan	0	0	0	0.000581	0.000295	0.000581	0.000295	0.097019	0.049261
20	A	262	45407	43685	0.005997	3202	1010	45407	66	54176	44168	0.001494	1776	397	54176	0	0	0	nan	0	0	0	0.004503	0.000414	0.004503	0.000414	0.751941	0.069133
21	A	209	45407	43405	0.004815	3202	1010	45407	36	54176	41608	0.000865	1776	397	54176	0	0	0	nan	0	0	0	0.003950	0.000363	0.003950	0.000363	0.659598	0.060616
22	A	105	45407	42842	0.002451	3202	1010	45407	26	54177	40847	0.000637	1776	397	54177	0	0	0	nan	0	0	0	0.001814	0.000270	0.001814	0.000270	0.302914	0.045086
23	C	82	45407	43004	0.001907	3202	1010	45407	74	54177	44336	0.001669	1777	397	54177	0	0	0	nan	0	0	0	0.000238	0.000286	0.000238	0.000286	0.039743	0.047758
24	C	82	45405	42497	0.001930	3202	1010	45380	37	54176	45010	0.000822	1777	397	53993	0	0	0	nan	0	0	0	0.001108	0.000252	0.001108	0.000252	0.185021	0.042081
25	A	220	45404	42877	0.005131	3202	1010	45353	61	54175	46411	0.001314	1778	397	53845	0	0	0	nan	0	0	0	0.003817	0.000385	0.003817	0.000385	0.637388	0.064290
26	C	47	45402	43093	0.001091	3204	1010	45343	58	54174	47357	0.001225	1778	397	53774	0	0	0	nan	0	0	0	-0.000134	0.000226	-0.000134	0.000226	-0.022376	0.037739
27	U	176	45401	43706	0.004027	3204	1010	45331	35	54173	48873	0.000716	1779	397	53642	0	0	0	nan	0	0	0	0.003311	0.000327	0.003311	0.000327	0.552893	0.054605
28	A	585	45400	44174	0.013243	3203	1010	45310	35	54171	48193	0.000726	1776	397	53339	0	0	0	nan	0	0	0	0.012517	0.000561	0.012517	0.000561	2.090173	0.093680
29	A	76	45397	43547	0.001745	3204	1010	45293	18	54171	46674	0.000386	1775	397	53226	0	0	0	nan	0	0	0	0.001360	0.000220	0.001360	0.000220	0.227102	0.036737
30	C	89	45395	43404	0.002051	3205	1010	45273	27	54171	46684	0.000578	1775	397	53095	0	0	0	nan	0	0	0	0.001472	0.000244	0.001472	0.000244	0.245804	0.040745
31	U	102	45390	43193	0.002361	3208	1010	45240	34	54169	45464	0.000748	1775	395	52784	0	0	0	nan	0	0	0	0.001614	0.000267	0.001614	0.000267	0.269517	0.044585
32	G	103	45387	42695	0.002412	3216	1011	45224	46	54169	42930	0.001072	1781	395	52640	0	0	0	nan	0	0	0	0.001341	0.000285	0.001341	0.000285	0.223929	0.047591
33	A	103	45381	42724	0.002411	3219	1011	45148	48	54169	42656	0.001125	1781	395	52343	0	0	0	nan	0	0	0	0.001286	0.000288	0.001286	0.000288	0.214745	0.048092
34	C	79	45380	42598	0.001855	3226	1011	45140	83	54167	43238	0.001920	1785	395	52303	0	0	0	nan	0	0	0	-0.000065	0.000297	-0.000065	0.000297	-0.010854	0.049595
35	C	135	45380	43302	0.003118	3227	1011	45130	42	54167	46460	0.000904	1786	395	52253	0	0	0	nan	0	0	0	0.002214	0.000302	0.002214	0.000302	0.369709	0.050430
36	U	298	45380	43358	0.006873	3225	1011	45126	73	54166	46804	0.001560	1788	395	52231	0	0	0	nan	0	0	0	0.005313	0.000438	0.005313	0.000438	0.887200	0.073140
37	C	162	45379	43635	0.003713	3224	1010	45114	52	54166	47837	0.001087	1793	395	52157	0	0	0	nan	0	0	0	0.002626	0.000328	0.002626	0.000328	0.438507	0.054772
38	G	189	45379	42985	0.004397	3227	1008	45103	64	54165	45232	0.001415	1796	395	52103	0	0	0	nan	0	0	0	0.002982	0.000365	0.002982	0.000365	0.497954	0.060950
39	U	254	45379	43469	0.005843	3228	1008	45085	118	54165	45601	0.002588	1800	395	51989	0	0	0	nan	0	0	0	0.003256	0.000437	0.003256	0.000437	0.543709	0.072973
40	G	207	45379	42947	0.004820	3231	1005	45071	124	54165	44081	0.002813	1803	390	51847	0	0	0	nan	0	0	0	0.002007	0.000420	0.002007	0.000420	0.335142	0.070134
41	U	43	45377	42692	0.001007	3227	1004	45036	36	54166	44863	0.000802	1797	390	51719	0	0	0	nan	0	0	0	0.000205	0.000204	0.000205	0.000204	0.034232	0.034065
42	A	479	45375	42870	0.011173	3226	1003	45010	36	54166	44472	0.000809	1795	388	51616	0	0	0	nan	0	0	0	0.010364	0.000528	0.010364	0.000528	1.730650	0.088169
43	U	173	45374	42772	0.004045	3226	993	45006	40	54165	44554	0.000898	1795	379	51594	0	0	0	nan	0	0	0	0.003147	0.000339	0.003147	0.000339	0.525507	0.056608
44	A	279	45374	42930	0.006499	3228	993	45005	47	54165	45570	0.001031	1799	379	51588	0	0	0	nan	0	0	0	0.005468	0.000417	0.005468	0.000417	0.913083	0.069633
45	A	442	45372	42530	0.010393	3227	983	45001	38	54164	44399	0.000856	1798	368	51562	0	0	0	nan	0	0	0	0.009537	0.000513	0.009537	0.000513	1.592552	0.085664
46	A	248	45371	42759	0.005800	3227	982	44995	31	54164	44921	0.000690	1798	368	51550	0	0	0	nan	0	0	0	0.005110	0.000389	0.005110	0.000389	0.853302	0.064958
47	U	230	45371	42962	0.005354	3228	982	44991	32	54164	45401	0.000705	1796	364	51514	0	0	0	nan	0	0	0	0.004649	0.000374	0.004649	0.000374	0.776321	0.062453
48	U	175	45372	43376	0.004034	3227	981	44982	35	54164	46426	0.000754	1794	363	51472	0	0	0	nan	0	0	0	0.003281	0.000331	0.003281	0.000331	0.547883	0.055273
49	A	70	45373	43410	0.001613	3220	942	44978	18	54164	46550	0.000387	1793	343	51427	0	0	0	nan	0	0	0	0.001226	0.000213	0.001226	0.000213	0.204726	0.035568
50	G	305	45371	42772	0.007131	3218	938	44962	270	54164	45585	0.005923	1793	339	51355	0	0	0	nan	0	0	0	0.001208	0.000545	0.001208	0.000545	0.201720	0.091008
51	C	132	45389	42925	0.003075	3214	918	44979	67	54178	46604	0.001438	1789	331	51343	0	0	0	nan	0	0	0	0.001637	0.000320	0.001637	0.000320	0.273357	0.053436
52	A	425	45409	43248	0.009827	3161	777	44994	45	54196	46723	0.000963	1763	230	51343	0	0	0	nan	0	0	0	0.008864	0.000498	0.008864	0.000498	1.480170	0.083159
53	C	38	45483	43563	0.000872	3092	752	45066	36	54320	46999	0.000766	1715	220	51425	0	0	0	nan	0	0	0	0.000106	0.000191	0.000106	0.000191	0.017701	0.031894
54	A	256	45561	43795	0.005845	3081	721	45111	24	54718	47671	0.000503	1713	209	51668	0	0	0	nan	0	0	0	0.005342	0.000380	0.005342	0.000380	0.892043	0.063455
55	U	154	45560	43856	0.003511	3079	714	45086	32	54717	48299	0.000663	1711	207	51561	0	0	0	nan	0	0	0	0.002849	0.000306	0.002849	0.000306	0.475745	0.051098
56	G	150	45850	44107	0.003401	3067	708	45403	36	62419	58891	0.000611	1706	206	61041	0	0	0	nan	0	0	0	0.002790	0.000296	0.002790	0.000296	0.465893	0.049428
57	A	94	45929	44022	0.002135	3066	707	45474	44	64045	61155	0.000719	1707	205	63101	0	0	0	nan	0	0	0	0.001416	0.000245	0.001416	0.000245	0.236453	0.040912
58	A	85	45929	43988	0.001932	3065	704	45471	38	64054	61187	0.000621	1707	204	63107	0	0	0	nan	0	0	0	0.001311	0.000233	0.001311	0.000233	0.218920	0.038908
59	G	391	45930	44027	0.008881	3063	700	45465	216	64057	61442	0.003516	1708	203	63104	0	0	0	nan	0	0	0	0.005365	0.000509	0.005365	0.000509	0.895884	0.084996
60	G	175	45927	44043	0.003973	3049	685	45450	76	64089	61644	0.001233	1692	183	63136	0	0	0	nan	0	0	0	0.002741	0.000332	0.002741	0.000332	0.457711	0.055440
61	A	421	45926	44414	0.009479	3041	673	45434	97	64091	62179	0.001560	1688	174	63128	0	0	0	nan	0	0	0	0.007919	0.000488	0.007919	0.000488	1.322368	0.081490
62	G	48	45926	44499	0.001079	3040	673	45432	56	64097	62190	0.000900	1688	174	63135	0	0	0	nan	0	0	0	0.000178	0.000197	0.000178	0.000197	0.029724	0.032896
63	A	80	45923	44526	0.001797	3038	665	45423	57	64099	62107	0.000918	1687	174	63132	0	0	0	nan	0	0	0	0.000879	0.000235	0.000879	0.000235	0.146781	0.039242
64	G	53	45923	44446	0.001192	3038	665	45419	51	64099	62045	0.000822	1685	174	63129	0	0	0	nan	0	0	0	0.000370	0.000200	0.000370	0.000200	0.061785	0.033397
65	A	80	45921	44593	0.001794	3034	658	45408	56	64099	62008	0.000903	1684	169	63124	0	0	0	nan	0	0	0	0.000891	0.000234	0.000891	0.000234	0.148785	0.039075
66	G	65	45919	44581	0.001458	3034	650	45400	59	64099	62018	0.000951	1684	168	63125	0	0	0	nan	0	0	0	0.000507	0.000219	0.000507	0.000219	0.084662	0.036570
67	A	126	45919	44445	0.002835	3023	634	45390	65	64100	61344	0.001060	1682	162	63120	0	0	0	nan	0	0	0	0.001775	0.000285	0.001775	0.000285	0.296401	0.047591
68	U	146	45920	44046	0.003315	3015	622	45373	50	64103	60839	0.000822	1680	160	63114	0	0	0	nan	0	0	0	0.002493	0.000298	0.002493	0.000298	0.416298	0.049762
69	G	330	45920	43648	0.007560	3012	621	45369	358	64113	59843	0.005982	1675	158	63121	0	0	0	nan	0	0	0	0.001578	0.000523	0.001578	0.000523	0.263505	0.087334
70	C	111	45922	43475	0.002553	3011	616	45370	89	64118	58638	0.001518	1674	153	63126	0	0	0	nan	0	0	0	0.001035	0.000291	0.001035	0.000291	0.172831	0.048593
71	A	147	45922	43605	0.003371	2989	616	45369	56	64122	58449	0.000958	1665	152	63127	0	0	0	nan	0	0	0	0.002413	0.000306	0.002413	0.000306	0.402939	0.051098
72	C	135	45924	43670	0.003091	2982	616	45372	64	64139	58891	0.001087	1665	151	63148	0	0	0	nan	0	0	0	0.002005	0.000299	0.002005	0.000299	0.334808	0.049929
73	U	510	45926	43878	0.011623	2967	614	45376	56	64187	61057	0.000917	1662	151	63219	0	0	0	nan	0	0	0	0.010706	0.000529	0.010706	0.000529	1.787760	0.088336
74	G	244	45925	42924	0.005684	2746	606	45373	47	64215	61930	0.000759	1545	150	63258	0	0	0	nan	0	0	0	0.004926	0.000380	0.004926	0.000380	0.822577	0.063455
75	A	1492	45928	44215	0.033744	2733	606	45374	74	64237	62087	0.001192	1541	148	63289	0	0	0	nan	0	0	0	0.032552	0.000885	0.032552	0.000885	5.435752	0.147783
76	G	95	45931	44147	0.002152	2728	603	45379	59	64254	62171	0.000949	1540	148	63313	0	0	0	nan	0	0	0	0.001203	0.000253	0.001203	0.000253	0.200885	0.042248
77	A	90	45930	44502	0.002022	2714	598	45377	68	64266	62276	0.001092	1538	148	63327	0	0	0	nan	0	0	0	0.000930	0.000251	0.000930	0.000251	0.155298	0.041914
78	G	282	45929	44387	0.006353	2712	593	45369	80	64270	61817	0.001294	1538	145	63324	0	0	0	nan	0	0	0	0.005059	0.000405	0.005059	0.000405	0.844786	0.067630
79	U	207	45927	44157	0.004688	2695	587	45347	51	64276	61359	0.000831	1530	143	63325	0	0	0	nan	0	0	0	0.003857	0.000346	0.003857	0.000346	0.644068	0.057777
80	G	414	45927	44076	0.009393	2671	585	45317	106	64281	61180	0.001733	1518	143	63324	0	0	0	nan	0	0	0	0.007660	0.000491	0.007660	0.000491	1.279118	0.081990
81	G	138	45927	43185	0.003196	2663	583	45276	75	64290	61011	0.001229	1513	143	63323	0	0	0	nan	0	0	0	0.001966	0.000307	0.001966	0.000307	0.328296	0.051265
82	A	545	45925	43485	0.012533	2590	582	45246	49	64297	61004	0.000803	1485	142	63326	0	0	0	nan	0	0	0	0.011730	0.000549	0.011730	0.000549	1.958754	0.091676
83	G	95	45926	43366	0.002191	2582	560	45241	88	64298	59820	0.001471	1485	138	63327	0	0	0	nan	0	0	0	0.000720	0.000274	0.000720	0.000274	0.120230	0.045754
84	A	141	45927	43866	0.003214	2579	551	45225	76	64305	59698	0.001273	1482	136	63330	0	0	0	nan	0	0	0	0.001941	0.000308	0.001941	0.000308	0.324121	0.051432
85	C	132	45926	43527	0.003033	2571	543	45185	75	64338	59770	0.001255	1477	134	63363	0	0	0	nan	0	0	0	0.001778	0.000301	0.001778	0.000301	0.296902	0.050263
86	C	176	45921	43530	0.004043	2563	174	45142	177	64383	61198	0.002892	1469	62	63415	0	0	0	nan	0	0	0	0.001151	0.000374	0.001151	0.000374	0.192202	0.062453
87	G	258	45927	43426	0.005941	2519	140	45144	177	64445	61486	0.002879	1443	57	63501	0	0	0	nan	0	0	0	0.003062	0.000429	0.003062	0.000429	0.511313	0.071637
88	G	636	45929	43497	0.014622	2512	139	45147	563	64482	60768	0.009265	1437	54	63549	0	0	0	nan	0	0	0	0.005357	0.000699	0.005357	0.000699	0.894548	0.116724
89	C	112	45931	43483	0.002576	2507	137	45146	112	64518	60814	0.001842	1435	54	63590	0	0	0	nan	0	0	0	0.000734	0.000299	0.000734	0.000299	0.122568	0.049929
90	C	75	45936	43580	0.001721	2552	134	45153	90	64568	61084	0.001473	1437	54	63667	0	0	0	nan	0	0	0	0.000248	0.000252	0.000248	0.000252	0.041413	0.042081
91	U	54	45943	43480	0.001242	2519	133	45168	51	64608	61509	0.000829	1413	54	63723	0	0	0	nan	0	0	0	0.000413	0.000205	0.000413	0.000205	0.068966	0.034232
92	A	115	45942	43671	0.002633	2376	130	45167	31	64623	60667	0.000511	1335	52	63736	0	0	0	nan	0	0	0	0.002122	0.000262	0.002122	0.000262	0.354346	0.043751
93	A	328	45945	43819	0.007485	2367	129	45170	49	64644	59833	0.000819	1327	52	63766	0	0	0	nan	0	0	0	0.006666	0.000430	0.006666	0.000430	1.113134	0.071804
94	C	178	45947	43591	0.004083	2367	129	45174	78	64665	58785	0.001327	1328	52	63799	0	0	0	nan	0	0	0	0.002757	0.000341	0.002757	0.000341	0.460382	0.056942
95	U	289	45948	43645	0.006622	2351	123	45176	54	64683	59574	0.000906	1324	51	63819	0	0	0	nan	0	0	0	0.005715	0.000409	0.005715	0.000409	0.954329	0.068298
96	U	579	45951	43872	0.013197	2338	122	45187	49	64718	60074	0.000816	1315	51	63870	0	0	0	nan	0	0	0	0.012382	0.000561	0.012382	0.000561	2.067630	0.093680
97	G	133	45956	42715	0.003114	2133	118	45192	61	64767	62228	0.000980	1216	50	63956	0	0	0	nan	0	0	0	0.002133	0.000298	0.002133	0.000298	0.356183	0.049762
98	A	1446	45958	43900	0.032938	1902	117	45193	80	64820	62520	0.001280	1084	50	64030	0	0	0	nan	0	0	0	0.031659	0.000878	0.031659	0.000878	5.286633	0.146614
99	G	72	45962	43793	0.001644	1896	115	45201	71	64839	62576	0.001135	1081	50	64055	0	0	0	nan	0	0	0	0.000509	0.000236	0.000509	0.000236	0.084996	0.039409
100	A	94	45963	44117	0.002131	1843	115	45203	60	64851	62646	0.000958	1027	49	64074	0	0	0	nan	0	0	0	0.001173	0.000252	0.001173	0.000252	0.195875	0.042081
101	G	1043	45964	44062	0.023671	1825	111	45199	780	64857	62626	0.012455	1021	49	64080	0	0	0	nan	0	0	0	0.011216	0.000858	0.011216	0.000858	1.872923	0.143275
102	A	426	45963	43674	0.009754	1794	108	45197	162	64866	62204	0.002604	996	45	64090	0	0	0	nan	0	0	0	0.007150	0.000515	0.007150	0.000515	1.193955	0.085998
103	A	603	45963	44074	0.013682	1771	98	45191	56	64876	61870	0.000905	983	42	64101	0	0	0	nan	0	0	0	0.012776	0.000570	0.012776	0.000570	2.133422	0.095182
104	A	117	45964	44079	0.002654	1762	98	45183	39	64882	61794	0.000631	976	42	64107	0	0	0	nan	0	0	0	0.002023	0.000265	0.002023	0.000265	0.337814	0.044251
105	A	159	45963	44007	0.003613	1761	97	45177	93	64888	61577	0.001510	973	42	64114	0	0	0	nan	0	0	0	0.002103	0.000327	0.002103	0.000327	0.351173	0.054605
106	G	331	45962	43857	0.007547	1749	97	45175	311	64891	60973	0.005101	972	42	64116	0	0	0	nan	0	0	0	0.002447	0.000506	0.002447	0.000506	0.408617	0.084495
107	G	148	45962	43818	0.003378	1739	97	45172	159	64897	60860	0.002613	967	42	64122	0	0	0	nan	0	0	0	0.000765	0.000346	0.000765	0.000346	0.127745	0.057777
108	G	87	45966	43884	0.001982	1631	76	45170	83	64907	61456	0.001351	929	32	64136	0	0	0	nan	0	0	0	0.000632	0.000259	0.000632	0.000259	0.105536	0.043250
109	A	124	45967	43887	0.002825	1383	71	45166	48	64911	62034	0.000774	841	29	64142	0	0	0	nan	0	0	0	0.002052	0.000277	0.002052	0.000277	0.342657	0.046255
110	U	214	45967	43888	0.004876	1348	43	45167	85	64915	62018	0.001371	828	25	64148	0	0	0	nan	0	0	0	0.003505	0.000365	0.003505	0.000365	0.585288	0.060950
111	G	465	45967	43798	0.010617	1343	43	45168	279	64930	61301	0.004551	827	25	64165	0	0	0	nan	0	0	0	0.006066	0.000563	0.006066	0.000563	1.012941	0.094014
112	U	268	45968	43805	0.006118	1330	30	45166	209	64939	60988	0.003427	821	18	64179	0	0	0	nan	0	0	0	0.002691	0.000443	0.002691	0.000443	0.449361	0.073975
113	U	137	45970	43793	0.003128	1329	30	45165	63	64948	60685	0.001038	821	17	64193	0	0	0	nan	0	0	0	0.002090	0.000298	0.002090	0.000298	0.349002	0.049762
114	G	454	45967	43856	0.010352	1300	16	45157	505	64970	61054	0.008271	790	6	64219	0	0	0	nan	0	0	0	0.002081	0.000610	0.002081	0.000610	0.347499	0.101862
115	C	66	45970	43999	0.001500	1305	16	45161	59	65027	61880	0.000953	790	6	64290	0	0	0	nan	0	0	0	0.000547	0.000222	0.000547	0.000222	0.091342	0.037071
116	A	70	45970	43751	0.001600	1242	10	45166	52	65070	62354	0.000834	758	5	64347	0	0	0	nan	0	0	0	0.000766	0.000223	0.000766	0.000223	0.127912	0.037238
117	G	895	45974	44042	0.020322	1233	10	45173	233	65106	62565	0.003724	755	4	64395	0	0	0	nan	0	0	0	0.016597	0.000722	0.016597	0.000722	2.771479	0.120564
118	A	186	45978	43668	0.004259	1218	10	45180	65	65126	61792	0.001052	744	4	64423	0	0	0	nan	0	0	0	0.003207	0.000338	0.003207	0.000338	0.535526	0.056442
119	A	674	45979	43960	0.015332	1215	6	45183	30	65144	61472	0.000488	741	4	64454	0	0	0	nan	0	0	0	0.014844	0.000597	0.014844	0.000597	2.478751	0.099691
120	A	328	45981	43869	0.007477	1214	6	45185	30	65154	60963	0.000492	741	4	64471	0	0	0	nan	0	0	0	0.006985	0.000423	0.006985	0.000423	1.166402	0.070635
121	U	220	45984	44007	0.004999	1197	6	45189	27	65165	61353	0.000440	735	4	64487	0	0	0	nan	0	0	0	0.004559	0.000348	0.004559	0.000348	0.761292	0.058111
122	A	95	45986	44008	0.002159	1194	6	45192	40	65175	61316	0.000652	733	4	64498	0	0	0	nan	0	0	0	0.001506	0.000244	0.001506	0.000244	0.251482	0.040745
123	G	197	45991	43628	0.004515	1190	6	45194	78	65191	61086	0.001277	732	4	64512	0	0	0	nan	0	0	0	0.003239	0.000353	0.003239	0.000353	0.540870	0.058946
124	U	158	45992	43404	0.003640	1186	6	45195	132	65211	60276	0.002190	732	4	64537	0	0	0	nan	0	0	0	0.001450	0.000347	0.001450	0.000347	0.242131	0.057944
125	C	100	45994	43402	0.002304	1174	6	45197	52	65242	60290	0.000862	725	4	64541	0	0	0	nan	0	0	0	0.001442	0.000260	0.001442	0.000260	0.240795	0.043417
126	A	184	45996	43841	0.004197	1157	6	45202	124	65274	61485	0.002017	713	4	64581	0	0	0	nan	0	0	0	0.002180	0.000359	0.002180	0.000359	0.364031	0.059948
127	G	383	45997	43770	0.008750	1155	6	45201	297	65298	62368	0.004762	713	4	64609	0	0	0	nan	0	0	0	0.003988	0.000526	0.003988	0.000526	0.665943	0.087835
128	G	575	46001	43940	0.013086	1127	6	45204	412	65349	62672	0.006574	692	4	64680	0	0	0	nan	0	0	0	0.006512	0.000635	0.006512	0.000635	1.087418	0.106037
129	G	198	46005	43214	0.004582	1122	6	45213	129	65375	61140	0.002110	692	4	64716	0	0	0	nan	0	0	0	0.002472	0.000375	0.002472	0.000375	0.412791	0.062620
130	U	518	46007	43454	0.011921	1116	7	45207	163	65441	61213	0.002663	694	4	64800	0	0	0	nan	0	0	0	0.009258	0.000564	0.009258	0.000564	1.545963	0.094181
131	G	143	46010	43084	0.003319	1082	7	45213	89	65452	60690	0.001466	683	4	64813	0	0	0	nan	0	0	0	0.001853	0.000318	0.001853	0.000318	0.309426	0.053102
132	U	209	46011	43564	0.004798	1089	4	45210	86	65460	61923	0.001389	700	1	64822	0	0	0	nan	0	0	0	0.003409	0.000364	0.003409	0.000364	0.569258	0.060783
133	G	481	46011	43719	0.011002	1083	4	45211	235	65464	62419	0.003765	700	1	64827	0	0	0	nan	0	0	0	0.007237	0.000559	0.007237	0.000559	1.208483	0.093346
134	G	114	46013	44041	0.002588	1071	4	45209	81	65475	62943	0.001287	699	1	64836	0	0	0	nan	0	0	0	0.001302	0.000281	0.001302	0.000281	0.217417	0.046923
135	A	477	46011	44461	0.010729	880	4	45204	74	65483	63398	0.001167	576	1	64850	0	0	0	nan	0	0	0	0.009561	0.000510	0.009561	0.000510	1.596560	0.085163
136	G	44	46009	44490	0.000989	880	4	45197	49	65486	63188	0.000775	575	1	64855	0	0	0	nan	0	0	0	0.000214	0.000186	0.000214	0.000186	0.035735	0.031060
137	A	68	46010	44543	0.001527	876	4	45190	66	65487	63436	0.001040	575	1	64856	0	0	0	nan	0	0	0	0.000486	0.000225	0.000486	0.000225	0.081156	0.037572
138	G	68	46010	44439	0.001530	869	4	45189	68	65491	62812	0.001083	572	1	64860	0	0	0	nan	0	0	0	0.000448	0.000227	0.000448	0.000227	0.074810	0.037906
139	A	66	46010	44443	0.001485	888	4	45183	61	65493	62856	0.000970	573	1	64862	0	0	0	nan	0	0	0	0.000515	0.000221	0.000515	0.000221	0.085998	0.036904
140	G	284	46011	44165	0.006430	888	4	45182	342	65499	62324	0.005487	571	1	64867	0	0	0	nan	0	0	0	0.000943	0.000483	0.000943	0.000483	0.157468	0.080655
141	C	360	46012	44189	0.008147	897	4	45182	223	65517	62431	0.003572	581	1	64896	0	0	0	nan	0	0	0	0.004575	0.000492	0.004575	0.000492	0.763964	0.082157
142	G	454	46017	44175	0.010277	892	4	45185	556	65543	62386	0.008912	574	1	64930	0	0	0	nan	0	0	0	0.001365	0.000613	0.001365	0.000613	0.227937	0.102363
143	C	150	46018	44286	0.003387	877	4	45187	70	65544	62680	0.001117	568	1	64931	0	0	0	nan	0	0	0	0.002270	0.000307	0.002270	0.000307	0.379060	0.051265
144	A	125	46020	44228	0.002826	871	4	45197	56	65569	62510	0.000896	565	1	64966	0	0	0	nan	0	0	0	0.001930	0.000280	0.001930	0.000280	0.322284	0.046756
145	G	164	46028	44118	0.003717	868	4	45211	86	65591	62508	0.001376	562	1	64997	0	0	0	nan	0	0	0	0.002341	0.000326	0.002341	0.000326	0.390916	0.054438
146	U	189	46032	44207	0.004275	861	4	45224	68	65613	62522	0.001088	551	1	65027	0	0	0	nan	0	0	0	0.003188	0.000338	0.003188	0.000338	0.532354	0.056442
147	G	255	46034	44316	0.005754	855	4	45229	70	65629	63021	0.001111	543	1	65049	0	0	0	nan	0	0	0	0.004643	0.000384	0.004643	0.000384	0.775319	0.064123
148	A	149	46036	44402	0.003356	856	4	45234	54	65637	63283	0.000853	539	1	65060	0	0	0	nan	0	0	0	0.002502	0.000298	0.002502	0.000298	0.417801	0.049762
149	A	235	46036	44451	0.005287	847	4	45235	39	65651	62733	0.000622	529	1	65079	0	0	0	nan	0	0	0	0.004665	0.000359	0.004665	0.000359	0.778993	0.059948
150	G	327	46039	44370	0.007370	845	4	45238	284	65653	62296	0.004559	523	1	65081	0	0	0	nan	0	0	0	0.002811	0.000489	0.002811	0.000489	0.469400	0.081657
151	G	229	46040	44444	0.005153	835	4	45237	226	65658	62359	0.003624	512	1	65087	0	0	0	nan	0	0	0	0.001528	0.000417	0.001528	0.000417	0.255156	0.069633
152	G	81	46041	44325	0.001827	827	4	45233	81	65661	62651	0.001293	507	1	65087	0	0	0	nan	0	0	0	0.000535	0.000249	0.000535	0.000249	0.089338	0.041580
153	A	130	46039	44177	0.002943	812	4	45228	59	65662	63056	0.000936	499	1	65087	0	0	0	nan	0	0	0	0.002007	0.000285	0.002007	0.000285	0.335142	0.047591
154	U	126	46039	44119	0.002856	814	4	45226	29	65662	62972	0.000461	497	1	65086	0	0	0	nan	0	0	0	0.002395	0.000268	0.002395	0.000268	0.399933	0.044752
155	A	239	46039	44235	0.005403	813	4	45223	73	65668	62975	0.001159	498	1	65093	0	0	0	nan	0	0	0	0.004244	0.000375	0.004244	0.000375	0.708692	0.062620
156	G	176	46040	44352	0.003968	813	4	45226	111	65669	63356	0.001752	497	1	65100	0	0	0	nan	0	0	0	0.002216	0.000342	0.002216	0.000342	0.370043	0.057109
157	G	53	46041	44268	0.001197	788	4	45225	58	65676	63153	0.000918	493	1	65108	0	0	0	nan	0	0	0	0.000279	0.000204	0.000279	0.000204	0.046589	0.034065
158	A	34	46042	44210	0.000769	790	4	45226	43	65681	63111	0.000681	491	1	65117	0	0	0	nan	0	0	0	0.000088	0.000168	0.000088	0.000168	0.014695	0.028054
159	C	99	46044	44135	0.002243	790	4	45228	65	65697	63134	0.001030	492	1	65136	0	0	0	nan	0	0	0	0.001214	0.000259	0.001214	0.000259	0.202722	0.043250
160	G	1182	46046	44072	0.026820	788	4	45229	1362	65707	63528	0.021439	489	1	65153	0	0	0	nan	0	0	0	0.005380	0.000973	0.005380	0.000973	0.898389	0.162478
161	U	462	46045	44013	0.010497	787	4	45215	346	65711	63737	0.005429	484	1	65166	0	0	0	nan	0	0	0	0.005068	0.000569	0.005068	0.000569	0.846289	0.095015
162	U	159	46045	44052	0.003609	787	4	45212	54	65716	64009	0.000844	484	1	65176	0	0	0	nan	0	0	0	0.002766	0.000308	0.002766	0.000308	0.461885	0.051432
163	U	283	46046	44240	0.006397	785	4	45213	67	65724	63788	0.001050	481	1	65189	0	0	0	nan	0	0	0	0.005347	0.000401	0.005347	0.000401	0.892878	0.066962
164	G	855	46046	44045	0.019412	771	4	45212	377	65729	63136	0.005971	475	1	65195	0	0	0	nan	0	0	0	0.013441	0.000732	0.013441	0.000732	2.244469	0.122234
165	U	384	46046	43857	0.008756	676	4	45206	329	65733	62459	0.005267	441	1	65199	0	0	0	nan	0	0	0	0.003488	0.000533	0.003488	0.000533	0.582450	0.089004
166	U	117	46048	43768	0.002673	675	4	45205	59	65736	62163	0.000949	441	1	65201	0	0	0	nan	0	0	0	0.001724	0.000276	0.001724	0.000276	0.287885	0.046088
167	U	153	46047	43929	0.003483	672	4	45201	49	65739	62202	0.000788	442	1	65204	0	0	0	nan	0	0	0	0.002695	0.000303	0.002695	0.000303	0.450029	0.050597
168	G	197	46049	44098	0.004467	666	4	45211	273	65759	62427	0.004373	436	1	65230	0	0	0	nan	0	0	0	0.000094	0.000414	0.000094	0.000414	0.015697	0.069133
169	C	63	46049	44260	0.001423	668	4	45210	99	65771	62747	0.001578	436	1	65242	0	0	0	nan	0	0	0	-0.000154	0.000239	-0.000154	0.000239	-0.025716	0.039910
170	A	48	46053	44261	0.001084	605	3	45220	55	65791	63098	0.000872	395	1	65266	0	0	0	nan	0	0	0	0.000213	0.000196	0.000213	0.000196	0.035568	0.032729
171	A	63	46054	44258	0.001423	605	3	45231	51	65814	63356	0.000805	396	1	65290	0	0	0	nan	0	0	0	0.000618	0.000212	0.000618	0.000212	0.103198	0.035401
172	G	177	46056	44276	0.003998	606	3	45235	41	65836	63581	0.000645	394	1	65320	0	0	0	nan	0	0	0	0.003353	0.000317	0.003353	0.000317	0.559906	0.052935
173	A	279	46057	44227	0.006308	604	3	45237	74	65843	63257	0.001170	394	1	65331	0	0	0	nan	0	0	0	0.005139	0.000401	0.005139	0.000401	0.858145	0.066962
174	G	401	46057	44021	0.009109	604	3	45236	223	65854	62947	0.003543	394	1	65349	0	0	0	nan	0	0	0	0.005567	0.000513	0.005567	0.000513	0.929615	0.085664
175	G	281	46058	44003	0.006386	604	3	45240	246	65866	62884	0.003912	391	1	65362	0	0	0	nan	0	0	0	0.002474	0.000455	0.002474	0.000455	0.413125	0.075979
176	G	407	46059	43796	0.009293	599	3	45238	524	65870	63028	0.008314	388	1	65367	0	0	0	nan	0	0	0	0.000979	0.000587	0.000979	0.000587	0.163480	0.098021
177	U	236	46057	43365	0.005442	611	4	45231	290	65874	62749	0.004622	388	1	65372	0	0	0	nan	0	0	0	0.000821	0.000446	0.000821	0.000446	0.137096	0.074476
178	C	875	46057	43519	0.020106	611	4	45230	928	65879	62483	0.014852	388	1	65379	0	0	0	nan	0	0	0	0.005254	0.000836	0.005254	0.000836	0.877348	0.139601
179	U	1140	46058	43460	0.026231	577	4	45233	300	65888	62285	0.004817	378	1	65390	0	0	0	nan	0	0	0	0.021414	0.000825	0.021414	0.000825	3.575854	0.137764
180	U	307	46059	43690	0.007027	577	4	45235	55	65896	62713	0.000877	378	1	65400	0	0	0	nan	0	0	0	0.006150	0.000418	0.006150	0.000418	1.026968	0.069800
181	U	544	46061	44102	0.012335	577	8	45242	58	65903	63318	0.000916	377	1	65414	0	0	0	nan	0	0	0	0.011419	0.000542	0.011419	0.000542	1.906821	0.090507
182	G	116	46065	44000	0.002636	566	8	45246	59	65921	63510	0.000929	363	1	65435	0	0	0	nan	0	0	0	0.001707	0.000273	0.001707	0.000273	0.285046	0.045587
183	A	211	46066	44168	0.004777	569	8	45250	79	65925	63533	0.001243	362	1	65441	0	0	0	nan	0	0	0	0.003534	0.000357	0.003534	0.000357	0.590131	0.059614
184	G	393	46067	44218	0.008888	569	8	45254	146	65936	63103	0.002314	362	1	65452	0	0	0	nan	0	0	0	0.006574	0.000488	0.006574	0.000488	1.097771	0.081490
185	G	81	46068	44241	0.001831	573	8	45262	93	65943	63275	0.001470	360	1	65462	0	0	0	nan	0	0	0	0.000361	0.000254	0.000361	0.000254	0.060282	0.042415
186	A	79	46068	44103	0.001791	560	7	45255	66	65949	63157	0.001045	357	1	65469	0	0	0	nan	0	0	0	0.000746	0.000239	0.000746	0.000239	0.124572	0.039910
187	U	282	46069	44134	0.006390	560	7	45257	56	65954	63232	0.000886	357	1	65478	0	0	0	nan	0	0	0	0.005504	0.000398	0.005504	0.000398	0.919095	0.066461
188	G	171	46073	44220	0.003867	560	7	45269	133	65963	63073	0.002109	357	1	65489	0	0	0	nan	0	0	0	0.001758	0.000348	0.001758	0.000348	0.293563	0.058111
189	G	74	46073	44363	0.001668	561	7	45270	101	65971	63156	0.001599	357	1	65502	0	0	0	nan	0	0	0	0.000069	0.000251	0.000069	0.000251	0.011522	0.041914
190	A	68	46070	44407	0.001531	566	7	45259	84	65974	63370	0.001326	357	1	65506	0	0	0	nan	0	0	0	0.000206	0.000235	0.000206	0.000235	0.034399	0.039242
191	G	54	46070	43758	0.001234	606	8	45254	71	65977	61914	0.001147	366	1	65510	0	0	0	nan	0	0	0	0.000087	0.000216	0.000087	0.000216	0.014528	0.036069
192	U	313	46071	43501	0.007195	623	9	45254	460	65981	61429	0.007488	369	1	65514	0	0	0	nan	0	0	0	-0.000293	0.000536	-0.000293	0.000536	-0.048927	0.089505
193	C	55	46073	43422	0.001267	684	9	45253	67	65991	61357	0.001092	375	1	65524	0	0	0	nan	0	0	0	0.000175	0.000217	0.000175	0.000217	0.029223	0.036236
194	U	103	46073	43771	0.002353	685	9	45258	62	66001	62666	0.000989	375	2	65542	0	0	0	nan	0	0	0	0.001364	0.000264	0.001364	0.000264	0.227770	0.044084
195	A	103	46075	43885	0.002347	685	11	45257	72	66015	63198	0.001139	372	2	65562	0	0	0	nan	0	0	0	0.001208	0.000267	0.001208	0.000267	0.201720	0.044585
196	G	346	46075	44128	0.007841	685	11	45258	81	66021	63281	0.001280	370	2	65571	0	0	0	nan	0	0	0	0.006561	0.000445	0.006561	0.000445	1.095600	0.074309
197	U	217	46078	44201	0.004909	693	12	45259	149	66037	63353	0.002352	372	2	65591	0	0	0	nan	0	0	0	0.002557	0.000385	0.002557	0.000385	0.426985	0.064290
198	A	65	46083	44122	0.001473	696	12	45263	67	66053	63478	0.001055	370	2	65617	0	0	0	nan	0	0	0	0.000418	0.000224	0.000418	0.000224	0.069800	0.037405
199	A	52	46085	44125	0.001178	696	12	45262	24	66063	63591	0.000377	371	2	65633	0	0	0	nan	0	0	0	0.000801	0.000181	0.000801	0.000181	0.133756	0.030225
200	A	27	46087	43798	0.000616	700	14	45261	38	66067	62610	0.000607	370	3	65638	0	0	0	nan	0	0	0	0.000010	0.000154	0.000010	0.000154	0.001670	0.025716
201	C	727	46086	43888	0.016565	701	15	45255	951	66069	62561	0.015201	369	5	65640	0	0	0	nan	0	0	0	0.001364	0.000788	0.001364	0.000788	0.227770	0.131586
202	A	134	46087	43905	0.003052	676	20	45257	106	66076	62520	0.001695	347	9	65649	0	0	0	nan	0	0	0	0.001357	0.000311	0.001357	0.000311	0.226601	0.051933
203	A	121	46086	43996	0.002750	675	21	45263	37	66085	62749	0.000590	346	9	65659	0	0	0	nan	0	0	0	0.002161	0.000268	0.002161	0.000268	0.360858	0.044752
204	A	69	46087	44104	0.001564	672	56	45261	59	66098	62745	0.000940	346	20	65676	0	0	0	nan	0	0	0	0.000624	0.000225	0.000624	0.000225	0.104200	0.037572
205	G	154	46088	43723	0.003522	671	56	45261	60	66101	62490	0.000960	345	20	65679	0	0	0	nan	0	0	0	0.002562	0.000310	0.002562	0.000310	0.427820	0.051766
206	U	285	46092	43935	0.006487	671	58	45266	69	66118	62845	0.001098	345	20	65701	0	0	0	nan	0	0	0	0.005389	0.000406	0.005389	0.000406	0.899891	0.067797
207	G	383	46092	43927	0.008719	672	63	45271	349	66129	63097	0.005531	346	20	65723	0	0	0	nan	0	0	0	0.003188	0.000535	0.003188	0.000535	0.532354	0.089338
208	G	209	46093	44247	0.004723	673	63	45268	108	66143	63607	0.001698	346	20	65738	0	0	0	nan	0	0	0	0.003026	0.000365	0.003026	0.000365	0.505302	0.060950
209	G	145	46092	44236	0.003278	696	81	45265	165	66159	63621	0.002593	356	23	65758	0	0	0	nan	0	0	0	0.000684	0.000339	0.000684	0.000339	0.114219	0.056608
210	G	127	46094	44082	0.002881	748	183	45265	119	66172	63275	0.001881	366	63	65775	0	0	0	nan	0	0	0	0.001000	0.000308	0.001000	0.000308	0.166987	0.051432
211	A	63	46097	43846	0.001437	813	208	45269	63	66180	62958	0.001001	387	66	65784	0	0	0	nan	0	0	0	0.000436	0.000221	0.000436	0.000221	0.072806	0.036904
212	C	119	46096	43927	0.002709	825	211	45272	103	66184	63169	0.001631	399	68	65788	0	0	0	nan	0	0	0	0.001078	0.000296	0.001078	0.000296	0.180012	0.049428
213	A	122	46096	44059	0.002769	854	225	45277	48	66193	63559	0.000755	410	75	65797	0	0	0	nan	0	0	0	0.002014	0.000273	0.002014	0.000273	0.336311	0.045587
214	A	122	46098	44390	0.002748	857	331	45283	59	66202	64372	0.000917	410	121	65808	0	0	0	nan	0	0	0	0.001832	0.000276	0.001832	0.000276	0.305920	0.046088
215	G	165	46098	43904	0.003758	859	333	45286	163	66203	63687	0.002559	411	122	65811	0	0	0	nan	0	0	0	0.001199	0.000355	0.001199	0.000355	0.200217	0.059280
216	U	277	46098	43827	0.006320	878	340	45282	156	66207	63576	0.002454	418	131	65817	0	0	0	nan	0	0	0	0.003867	0.000428	0.003867	0.000428	0.645738	0.071470
217	G	442	46098	43742	0.010105	878	345	45282	100	66208	63243	0.001581	418	132	65819	0	0	0	nan	0	0	0	0.008524	0.000506	0.008524	0.000506	1.423395	0.084495
218	A	639	46099	44164	0.014469	864	347	45284	52	66209	63235	0.000822	414	135	65820	0	0	0	nan	0	0	0	0.013646	0.000584	0.013646	0.000584	2.278701	0.097520
219	U	139	46101	44223	0.003143	968	351	45296	63	66220	63275	0.000996	424	138	65834	0	0	0	nan	0	0	0	0.002148	0.000295	0.002148	0.000295	0.358687	0.049261
220	G	85	46102	44205	0.001923	970	353	45300	97	66237	63190	0.001535	419	140	65855	0	0	0	nan	0	0	0	0.000388	0.000260	0.000388	0.000260	0.064791	0.043417
221	A	78	46102	44075	0.001770	991	353	45299	72	66242	63146	0.001140	416	140	65864	0	0	0	nan	0	0	0	0.000629	0.000241	0.000629	0.000241	0.105035	0.040244
222	C	80	46099	43888	0.001823	994	361	45301	83	66250	63018	0.001317	420	143	65876	0	0	0	nan	0	0	0	0.000506	0.000250	0.000506	0.000250	0.084495	0.041747
223	C	46	46104	43929	0.001047	995	363	45313	61	66259	63434	0.000962	418	147	65889	0	0	0	nan	0	0	0	0.000086	0.000197	0.000086	0.000197	0.014361	0.032896
224	A	62	46108	43839	0.001414	985	386	45324	52	66267	63273	0.000822	406	150	65900	0	0	0	nan	0	0	0	0.000592	0.000213	0.000592	0.000213	0.098856	0.035568
225	G	657	46110	43634	0.015057	985	386	45331	579	66277	62205	0.009308	406	150	65912	0	0	0	nan	0	0	0	0.005749	0.000703	0.005749	0.000703	0.960007	0.117392
226	U	425	46116	43351	0.009804	987	391	45340	183	66288	61285	0.002986	404	152	65931	0	0	0	nan	0	0	0	0.006818	0.000524	0.006818	0.000524	1.138515	0.087501
227	U	222	46112	43492	0.005104	984	392	45347	33	66311	61433	0.000537	405	152	65958	0	0	0	nan	0	0	0	0.004567	0.000355	0.004567	0.000355	0.762628	0.059280
228	U	147	46114	43826	0.003354	985	399	45366	39	66345	62298	0.000626	408	153	66014	0	0	0	nan	0	0	0	0.002728	0.000294	0.002728	0.000294	0.455540	0.049094
229	G	140	46117	43977	0.003183	987	428	45380	107	66367	63088	0.001696	407	156	66046	0	0	0	nan	0	0	0	0.001487	0.000315	0.001487	0.000315	0.248309	0.052601
230	G	76	46123	43995	0.001727	909	446	45424	106	66437	63242	0.001676	331	159	66132	0	0	0	nan	0	0	0	0.000051	0.000256	0.000051	0.000256	0.008516	0.042749
231	A	152	46123	44149	0.003443	924	458	45436	98	66462	63669	0.001539	340	173	66163	0	0	0	nan	0	0	0	0.001904	0.000320	0.001904	0.000320	0.317943	0.053436
232	G	96	46123	44237	0.002170	943	463	45440	151	66490	64145	0.002354	342	179	66198	0	0	0	nan	0	0	0	-0.000184	0.000293	-0.000184	0.000293	-0.030726	0.048927
233	A	43	46125	44115	0.000975	987	496	45443	50	66500	63825	0.000783	346	193	66212	0	0	0	nan	0	0	0	0.000191	0.000185	0.000191	0.000185	0.031894	0.030893
234	C	177	46127	44288	0.003997	997	503	45447	241	66508	64170	0.003756	355	196	66223	0	0	0	nan	0	0	0	0.000241	0.000386	0.000241	0.000386	0.040244	0.064457
235	A	102	46128	44044	0.002316	1004	507	45451	106	66517	63669	0.001665	359	199	66234	0	0	0	nan	0	0	0	0.000651	0.000281	0.000651	0.000281	0.108708	0.046923
236	A	296	46128	44251	0.006689	1004	507	45454	35	66522	63638	0.000550	359	200	66242	0	0	0	nan	0	0	0	0.006139	0.000400	0.006139	0.000400	1.025132	0.066795
237	A	73	46131	44000	0.001659	1004	508	45453	48	66525	63039	0.000761	359	201	66245	0	0	0	nan	0	0	0	0.000898	0.000223	0.000898	0.000223	0.149954	0.037238
238	U	98	46131	44148	0.002220	1005	510	45454	73	66527	63700	0.001146	359	202	66247	0	0	0	nan	0	0	0	0.001074	0.000261	0.001074	0.000261	0.179344	0.043584
239	G	134	46131	44214	0.003031	1006	513	45456	138	66528	64105	0.002153	360	202	66249	0	0	0	nan	0	0	0	0.000878	0.000320	0.000878	0.000320	0.146614	0.053436
240	G	83	46133	44164	0.001879	1006	525	45459	57	66533	64398	0.000885	361	214	66254	0	0	0	nan	0	0	0	0.000994	0.000237	0.000994	0.000237	0.165985	0.039576
241	A	57	46132	44059	0.001294	1007	525	45460	59	66535	64318	0.000917	361	215	66258	0	0	0	nan	0	0	0	0.000376	0.000209	0.000376	0.000209	0.062787	0.034900
242	A	192	46130	43855	0.004378	1007	528	45458	54	66540	64023	0.000843	361	215	66263	0	0	0	nan	0	0	0	0.003535	0.000336	0.003535	0.000336	0.590298	0.056108
243	G	1097	46130	44110	0.024870	1007	529	45459	832	66543	64200	0.012960	361	216	66266	0	0	0	nan	0	0	0	0.011910	0.000875	0.011910	0.000875	1.988812	0.146113
244	A	366	46133	43840	0.008349	1008	531	45465	71	66556	63444	0.001119	361	217	66281	0	0	0	nan	0	0	0	0.007229	0.000456	0.007229	0.000456	1.207147	0.076146
245	A	169	46125	43636	0.003873	1009	531	45446	30	66562	63529	0.000472	361	217	66289	0	0	0	nan	0	0	0	0.003401	0.000310	0.003401	0.000310	0.567922	0.051766
246	A	219	46053	43361	0.005051	1009	531	45273	44	66565	63519	0.000693	361	217	66283	0	0	0	nan	0	0	0	0.004358	0.000357	0.004358	0.000357	0.727728	0.059614
247	G	462	46052	43327	0.010663	1009	531	45277	388	66572	64231	0.006041	361	217	66291	0	0	0	nan	0	0	0	0.004622	0.000583	0.004622	0.000583	0.771813	0.097353
248	G	507	46053	43481	0.011660	1009	531	45289	216	66596	64099	0.003370	363	217	66322	0	0	0	nan	0	0	0	0.008290	0.000566	0.008290	0.000566	1.384320	0.094514
249	G	150	46040	43186	0.003473	1010	534	45268	214	66609	64052	0.003341	363	218	66338	0	0	0	nan	0	0	0	0.000132	0.000364	0.000132	0.000364	0.022042	0.060783
250	U	87	46032	42873	0.002029	1010	541	45253	70	66610	63737	0.001098	365	220	66339	0	0	0	nan	0	0	0	0.000931	0.000254	0.000931	0.000254	0.155465	0.042415
251	U	73	46031	42996	0.001698	1011	543	45250	46	66618	63993	0.000719	367	220	66350	0	0	0	nan	0	0	0	0.000979	0.000225	0.000979	0.000225	0.163480	0.037572
252	A	307	46031	43170	0.007111	1011	543	45251	49	66623	64203	0.000763	367	221	66356	0	0	0	nan	0	0	0	0.006348	0.000420	0.006348	0.000420	1.060032	0.070134
253	G	1038	46032	43568	0.023825	1011	544	45256	813	66628	64076	0.012688	367	221	66361	0	0	0	nan	0	0	0	0.011137	0.000863	0.011137	0.000863	1.859731	0.144110
254	U	474	46035	43512	0.010894	1012	544	45267	329	66637	64004	0.005140	368	221	66373	0	0	0	nan	0	0	0	0.005753	0.000575	0.005753	0.000575	0.960675	0.096017
255	U	161	46037	43372	0.003712	1012	544	45273	41	66646	63661	0.000644	368	221	66386	0	0	0	nan	0	0	0	0.003068	0.000309	0.003068	0.000309	0.512315	0.051599
256	U	170	46038	42970	0.003956	1013	544	45277	36	66650	62988	0.000572	370	221	66391	0	0	0	nan	0	0	0	0.003385	0.000318	0.003385	0.000318	0.565250	0.053102
257	G	148	46038	42733	0.003463	1013	545	45287	129	66658	62773	0.002055	369	226	66402	0	0	0	nan	0	0	0	0.001408	0.000337	0.001408	0.000337	0.235117	0.056275
258	C	81	46039	42004	0.001928	1017	556	45295	90	66671	61809	0.001456	376	229	66416	0	0	0	nan	0	0	0	0.000472	0.000264	0.000472	0.000264	0.078818	0.044084
259	U	166	46051	41831	0.003968	1017	556	45362	117	66761	61569	0.001900	374	229	66517	0	0	0	nan	0	0	0	0.002068	0.000355	0.002068	0.000355	0.345329	0.059280
260	C	120	46054	41796	0.002871	1024	581	45394	123	66798	61403	0.002003	380	241	66562	0	0	0	nan	0	0	0	0.000868	0.000318	0.000868	0.000318	0.144944	0.053102
261	C	5312	46073	42818	0.124060	1025	583	45504	9069	66929	62885	0.144216	381	242	66721	0	0	0	nan	0	0	0	-0.020156	0.002278	nan	nan	nan	nan
262	U	204	46097	43501	0.004690	1032	587	45637	205	67109	63877	0.003209	384	242	66952	0	0	0	nan	0	0	0	0.001480	0.000398	0.001480	0.000398	0.247140	0.066461
263	U	170	46134	43751	0.003886	1031	588	45805	108	67278	64230	0.001681	382	243	67182	0	0	0	nan	0	0	0	0.002204	0.000339	0.002204	0.000339	0.368039	0.056608
264	C	55	46147	44033	0.001249	1031	589	45855	49	67344	64715	0.000757	382	243	67259	0	0	0	nan	0	0	0	0.000492	0.000200	0.000492	0.000200	0.082157	0.033397
265	A	46	46166	43778	0.001051	1029	589	45883	45	67386	64319	0.000700	381	243	67304	0	0	0	nan	0	0	0	0.000351	0.000187	0.000351	0.000187	0.058612	0.031227
266	G	302	46166	43765	0.006900	1029	589	45886	364	67394	64358	0.005656	381	243	67315	0	0	0	nan	0	0	0	0.001245	0.000496	0.001245	0.000496	0.207898	0.082825
267	C	55	46170	43837	0.001255	1027	589	45908	64	67422	64562	0.000991	381	244	67343	0	0	0	nan	0	0	0	0.000263	0.000210	0.000263	0.000210	0.043918	0.035067
268	U	149	46173	43771	0.003404	1026	589	45918	36	67440	64545	0.000558	379	244	67362	0	0	0	nan	0	0	0	0.002846	0.000294	0.002846	0.000294	0.475244	0.049094
269	A	96	46179	43859	0.002189	1028	590	45938	28	67463	64735	0.000433	378	244	67392	0	0	0	nan	0	0	0	0.001756	0.000238	0.001756	0.000238	0.293229	0.039743
270	C	87	46183	43608	0.001995	1028	590	45950	55	67495	64295	0.000855	380	244	67430	0	0	0	nan	0	0	0	0.001140	0.000243	0.001140	0.000243	0.190365	0.040578
271	G	1474	46213	43985	0.033511	1028	590	46044	1030	67624	64824	0.015889	380	244	67578	0	0	0	nan	0	0	0	0.017622	0.001003	0.017622	0.001003	2.942640	0.167488
272	U	259	46248	44319	0.005844	1028	590	46160	256	67771	65058	0.003935	380	244	67747	0	0	0	nan	0	0	0	0.001909	0.000439	0.001909	0.000439	0.318778	0.073307
273	U	120	46255	43505	0.002758	1024	590	46185	61	67808	64055	0.000952	379	245	67799	0	0	0	nan	0	0	0	0.001806	0.000280	0.001806	0.000280	0.301578	0.046756
274	U	314	46257	43626	0.007198	1020	590	46187	459	67810	64122	0.007158	379	245	67802	0	0	0	nan	0	0	0	0.000039	0.000526	0.000039	0.000526	0.006512	0.087835
275	C	76	46265	43553	0.001745	1013	590	46204	83	67839	64003	0.001297	375	245	67831	0	0	0	nan	0	0	0	0.000448	0.000246	0.000448	0.000246	0.074810	0.041079
276	C	2398	46279	44747	0.053590	1006	590	46252	4107	67902	65722	0.062490	372	245	67898	0	0	0	nan	0	0	0	-0.008900	0.001466	nan	nan	nan	nan
277	U	166	46286	44603	0.003722	1006	590	46278	189	67942	65625	0.002880	372	245	67938	0	0	0	nan	0	0	0	0.000842	0.000357	0.000842	0.000357	0.140603	0.059614
278	U	108	46292	44153	0.002446	1001	590	46292	70	67962	65037	0.001076	370	245	67962	0	0	0	nan	0	0	0	0.001370	0.000268	0.001370	0.000268	0.228772	0.044752
279	G	286	46292	44173	0.006475	1001	590	46292	225	67962	65019	0.003461	370	245	67962	0	0	0	nan	0	0	0	0.003014	0.000447	0.003014	0.000447	0.503298	0.074643
280	C	0	46292	44371	0.000000	999	590	46292	0	67962	65389	0.000000	370	245	67962	0	0	0	nan	0	0	0	0.000000	0.000000	0.000000	0.000000	0.000000	0.000000
281	C	0	46292	0	nan	995	590	46292	0	67962	0	nan	362	245	67962	0	0	0	nan	0	0	0	nan	nan	nan	nan	nan	nan
282	U	0	46292	0	nan	995	590	46292	0	67962	0	nan	362	245	67962	0	0	0	nan	0	0	0	nan	nan	nan	nan	nan	nan
283	C	0	46292	0	nan	993	590	46292	0	67962	0	nan	362	245	67962	0	0	0	nan	0	0	0	nan	nan	nan	nan	nan	nan
284	U	0	46292	0	nan	992	590	46292	0	67962	0	nan	362	245	67962	0	0	0	nan	0	0	0	nan	nan	nan	nan	nan	nan
285	U	0	46292	0	nan	986	590	46292	0	67962	0	nan	356	245	67962	0	0	0	nan	0	0	0	nan	nan	nan	nan	nan	nan
286	G	0	46292	0	nan	986	590	46292	0	67962	0	nan	356	245	67962	0	0	0	nan	0	0	0	nan	nan	nan	nan	nan	nan
287	C	0	46292	0	nan	984	590	46292	0	67962	0	nan	352	245	67962	0	0	0	nan	0	0	0	nan	nan	nan	nan	nan	nan
288	G	0	46292	0	nan	984	590	46292	0	67962	0	nan	352	245	67962	0	0	0	nan	0	0	0	nan	nan	nan	nan	nan	nan
289	G	0	46292	0	nan	981	590	46292	0	67962	0	nan	351	245	67962	0	0	0	nan	0	0	0	nan	nan	nan	nan	nan	nan
290	U	0	46292	0	nan	946	590	46292	0	67962	0	nan	336	245	67962	0	0	0	nan	0	0	0	nan	nan	nan	nan	nan	nan
291	C	0	46292	0	nan	946	590	46292	0	67962	0	nan	336	245	67962	0	0	0	nan	0	0	0	nan	nan	nan	nan	nan	nan
292	G	0	46236	0	nan	946	590	46236	0	67944	0	nan	336	245	67944	0	0	0	nan	0	0	0	nan	nan	nan	nan	nan	nan
293	C	0	46236	0	nan	946	590	46236	0	67944	0	nan	336	245	67944	0	0	0	nan	0	0	0	nan	nan	nan	nan	nan	nan
294	A	0	46230	0	nan	946	590	46230	0	67942	0	nan	336	245	67942	0	0	0	nan	0	0	0	nan	nan	nan	nan	nan	nan
295	C	0	46228	0	nan	946	590	46228	0	67939	0	nan	336	245	67939	0	0	0	nan	0	0	0	nan	nan	nan	nan	nan	nan
296	U	0	46228	0	nan	946	590	46228	0	67936	0	nan	336	245	67936	0	0	0	nan	0	0	0	nan	nan	nan	nan	nan	nan
297	A	0	46222	0	nan	946	590	46222	0	67926	0	nan	336	245	67926	0	0	0	nan	0	0	0	nan	nan	nan	nan	nan	nan
298	G	0	46191	0	nan	946	590	46191	0	67888	0	nan	335	245	67888	0	0	0	nan	0	0	0	nan	nan	nan	nan	nan	nan
299	U	0	46170	0	nan	946	590	46170	0	67852	0	nan	335	245	67852	0	0	0	nan	0	0	0	nan	nan	nan	nan	nan	nan
300	G	0	46128	0	nan	944	590	46128	0	67817	0	nan	335	245	67817	0	0	0	nan	0	0	0	nan	nan	nan	nan	nan	nan