Nucleotide	Sequence	Modified_mutations	Modified_read_depth	Modified_effective_depth	Modified_rate	Modified_off_target_mapped_depth	Modified_low_mapq_mapped_depth	Modified_primer_pair_1_mapped_depth	Untreated_mutations	Untreated_read_depth	Untreated_effective_depth	Untreated_rate	Untreated_off_target_mapped_depth	Untreated_low_mapq_mapped_depth	Untreated_primer_pair_1_mapped_depth	Denatured_mutations	Denatured_read_depth	Denatured_effective_depth	Denatured_rate	Denatured_off_target_mapped_depth	Denatured_low_mapq_mapped_depth	Denatured_primer_pair_1_mapped_depth	Reactivity_profile	Std_err	HQ_profile	HQ_stderr	Norm_profile	Norm_stderr
1	G	0	50309	0	nan	3802	717	50309	0	64947	0	nan	1751	153	64947	0	0	0	nan	0	0	0	nan	nan	nan	nan	nan	nan
2	C	0	50349	0	nan	3807	717	50349	0	65004	0	nan	1754	153	65004	0	0	0	nan	0	0	0	nan	nan	nan	nan	nan	nan
3	U	0	50378	0	nan	3807	717	50378	0	65039	0	nan	1755	153	65039	0	0	0	nan	0	0	0	nan	nan	nan	nan	nan	nan
4	U	0	50402	0	nan	3810	718	50402	0	65072	0	nan	1756	154	65072	0	0	0	nan	0	0	0	nan	nan	nan	nan	nan	nan
5	C	0	50408	0	nan	3811	719	50408	0	65081	0	nan	1756	154	65081	0	0	0	nan	0	0	0	nan	nan	nan	nan	nan	nan
6	G	0	50409	0	nan	3814	719	50409	0	65087	0	nan	1757	154	65087	0	0	0	nan	0	0	0	nan	nan	nan	nan	nan	nan
7	A	0	50411	0	nan	3815	719	50411	0	65090	0	nan	1757	154	65090	0	0	0	nan	0	0	0	nan	nan	nan	nan	nan	nan
8	U	0	50419	0	nan	3815	719	50419	0	65092	0	nan	1757	154	65092	0	0	0	nan	0	0	0	nan	nan	nan	nan	nan	nan
9	A	0	50421	0	nan	3815	719	50421	0	65092	0	nan	1757	154	65092	0	0	0	nan	0	0	0	nan	nan	nan	nan	nan	nan
10	U	0	50442	0	nan	3815	719	50442	0	65097	0	nan	1757	154	65097	0	0	0	nan	0	0	0	nan	nan	nan	nan	nan	nan
11	C	0	50446	0	nan	3815	719	50446	0	65100	0	nan	1757	155	65100	0	0	0	nan	0	0	0	nan	nan	nan	nan	nan	nan
12	C	0	50449	0	nan	3818	719	50449	0	65100	0	nan	1758	155	65100	0	0	0	nan	0	0	0	nan	nan	nan	nan	nan	nan
13	G	0	50449	0	nan	3821	719	50449	0	65100	0	nan	1758	155	65100	0	0	0	nan	0	0	0	nan	nan	nan	nan	nan	nan
14	C	0	50449	0	nan	3822	720	50449	0	65100	0	nan	1758	155	65100	0	0	0	nan	0	0	0	nan	nan	nan	nan	nan	nan
15	A	0	50449	0	nan	3825	721	50449	0	65100	0	nan	1758	155	65100	0	0	0	nan	0	0	0	nan	nan	nan	nan	nan	nan
16	U	0	50449	0	nan	3831	721	50449	0	65100	0	nan	1761	155	65100	0	0	0	nan	0	0	0	nan	nan	nan	nan	nan	nan
17	G	0	50450	0	nan	3831	721	50450	0	65100	0	nan	1762	155	65100	0	0	0	nan	0	0	0	nan	nan	nan	nan	nan	nan
18	C	0	50452	0	nan	3833	721	50452	0	65100	0	nan	1762	155	65100	0	0	0	nan	0	0	0	nan	nan	nan	nan	nan	nan
19	U	132	50452	48251	0.002736	3836	721	50452	127	65100	62985	0.002016	1763	155	65100	0	0	0	nan	0	0	0	0.000719	0.000298	0.000719	0.000298	0.120678	0.050017
20	A	182	50453	46865	0.003883	3836	721	50453	68	65100	62554	0.001087	1763	155	65100	0	0	0	nan	0	0	0	0.002796	0.000317	0.002796	0.000317	0.469285	0.053206
21	A	195	50453	46409	0.004202	3836	721	50453	42	65100	61959	0.000678	1763	155	65100	0	0	0	nan	0	0	0	0.003524	0.000319	0.003524	0.000319	0.591474	0.053541
22	A	68	50453	44870	0.001515	3837	721	50453	45	65100	60519	0.000744	1765	155	65100	0	0	0	nan	0	0	0	0.000772	0.000215	0.000772	0.000215	0.129574	0.036086
23	C	102	50453	45816	0.002226	3837	721	50453	134	65100	60899	0.002200	1765	156	65100	0	0	0	nan	0	0	0	0.000026	0.000291	0.000026	0.000291	0.004364	0.048842
24	C	87	50452	44750	0.001944	3845	721	50408	60	65097	59886	0.001002	1770	156	65056	0	0	0	nan	0	0	0	0.000942	0.000245	0.000942	0.000245	0.158107	0.041121
25	A	243	50449	45719	0.005315	3852	721	50350	80	65094	60728	0.001317	1773	156	65006	0	0	0	nan	0	0	0	0.003998	0.000371	0.003998	0.000371	0.671031	0.062269
26	C	49	50449	46216	0.001060	3854	721	50339	39	65094	61158	0.000638	1773	156	64990	0	0	0	nan	0	0	0	0.000423	0.000183	0.000423	0.000183	0.070997	0.030715
27	U	217	50448	47875	0.004533	3853	721	50309	33	65091	63103	0.000523	1773	156	64972	0	0	0	nan	0	0	0	0.004010	0.000321	0.004010	0.000321	0.673045	0.053877
28	A	516	50445	48159	0.010715	3855	721	50246	57	65083	63112	0.000903	1773	156	64902	0	0	0	nan	0	0	0	0.009811	0.000487	0.009811	0.000487	1.646694	0.081739
29	A	74	50443	47074	0.001572	3857	721	50197	44	65082	62004	0.000710	1772	156	64880	0	0	0	nan	0	0	0	0.000862	0.000212	0.000862	0.000212	0.144679	0.035582
30	C	114	50443	46651	0.002444	3857	721	50147	39	65078	61678	0.000632	1773	156	64834	0	0	0	nan	0	0	0	0.001811	0.000250	0.001811	0.000250	0.303961	0.041960
31	U	201	50435	46483	0.004324	3861	721	50054	65	65072	61470	0.001057	1773	156	64754	0	0	0	nan	0	0	0	0.003267	0.000332	0.003267	0.000332	0.548338	0.055723
32	G	143	50435	46021	0.003107	3865	721	50018	79	65070	60897	0.001297	1777	156	64724	0	0	0	nan	0	0	0	0.001810	0.000298	0.001810	0.000298	0.303793	0.050017
33	A	108	50433	46177	0.002339	3865	721	49914	45	65062	60955	0.000738	1778	156	64585	0	0	0	nan	0	0	0	0.001601	0.000251	0.001601	0.000251	0.268714	0.042128
34	C	81	50432	45998	0.001761	3866	721	49893	66	65062	60863	0.001084	1778	156	64575	0	0	0	nan	0	0	0	0.000677	0.000237	0.000677	0.000237	0.113629	0.039778
35	C	77	50432	46876	0.001643	3869	720	49878	74	65060	61875	0.001196	1779	156	64559	0	0	0	nan	0	0	0	0.000447	0.000233	0.000447	0.000233	0.075025	0.039107
36	U	216	50433	47025	0.004593	3870	721	49871	99	65060	61928	0.001599	1779	156	64552	0	0	0	nan	0	0	0	0.002995	0.000351	0.002995	0.000351	0.502685	0.058912
37	C	151	50432	47600	0.003172	3872	721	49850	71	65059	62543	0.001135	1779	156	64534	0	0	0	nan	0	0	0	0.002037	0.000291	0.002037	0.000291	0.341893	0.048842
38	G	176	50432	45806	0.003842	3879	720	49825	98	65059	61507	0.001593	1782	155	64512	0	0	0	nan	0	0	0	0.002249	0.000331	0.002249	0.000331	0.377476	0.055556
39	U	304	50429	46300	0.006566	3880	720	49773	166	65058	62149	0.002671	1782	155	64468	0	0	0	nan	0	0	0	0.003895	0.000430	0.003895	0.000430	0.653743	0.072172
40	G	214	50427	45104	0.004745	3880	718	49732	185	65056	61319	0.003017	1783	153	64428	0	0	0	nan	0	0	0	0.001728	0.000393	0.001728	0.000393	0.290030	0.065962
41	U	50	50425	45183	0.001107	3879	718	49663	50	65051	61382	0.000815	1782	151	64364	0	0	0	nan	0	0	0	0.000292	0.000194	0.000292	0.000194	0.049010	0.032561
42	A	413	50422	45232	0.009131	3883	718	49612	39	65049	60979	0.000640	1782	151	64314	0	0	0	nan	0	0	0	0.008491	0.000461	0.008491	0.000461	1.425143	0.077375
43	U	148	50422	45277	0.003269	3885	716	49607	51	65049	60722	0.000840	1785	150	64306	0	0	0	nan	0	0	0	0.002429	0.000293	0.002429	0.000293	0.407687	0.049178
44	A	216	50426	45744	0.004722	3888	715	49607	57	65049	61104	0.000933	1789	150	64305	0	0	0	nan	0	0	0	0.003789	0.000344	0.003789	0.000344	0.635952	0.057737
45	A	314	50425	44871	0.006998	3893	714	49592	42	65048	60331	0.000696	1791	149	64295	0	0	0	nan	0	0	0	0.006302	0.000409	0.006302	0.000409	1.057737	0.068647
46	A	193	50425	45494	0.004242	3895	713	49586	35	65048	60795	0.000576	1791	149	64292	0	0	0	nan	0	0	0	0.003667	0.000320	0.003667	0.000320	0.615475	0.053709
47	U	153	50424	45870	0.003336	3896	712	49570	49	65048	61124	0.000802	1792	149	64284	0	0	0	nan	0	0	0	0.002534	0.000293	0.002534	0.000293	0.425311	0.049178
48	U	130	50425	46902	0.002772	3895	712	49556	62	65048	61824	0.001003	1791	149	64272	0	0	0	nan	0	0	0	0.001769	0.000274	0.001769	0.000274	0.296912	0.045989
49	A	67	50432	46742	0.001433	3893	707	49550	35	65047	61877	0.000566	1791	149	64255	0	0	0	nan	0	0	0	0.000868	0.000200	0.000868	0.000200	0.145686	0.033568
50	G	332	50432	45861	0.007239	3893	707	49526	347	65047	61106	0.005679	1792	147	64231	0	0	0	nan	0	0	0	0.001561	0.000501	0.001561	0.000501	0.262001	0.084089
51	C	117	50490	46367	0.002523	3894	706	49587	107	65048	61870	0.001729	1794	147	64228	0	0	0	nan	0	0	0	0.000794	0.000287	0.000794	0.000287	0.133266	0.048171
52	A	320	50549	46658	0.006858	3880	673	49652	54	65048	61862	0.000873	1782	135	64224	0	0	0	nan	0	0	0	0.005986	0.000401	0.005986	0.000401	1.004700	0.067304
53	C	42	50690	47416	0.000886	3872	659	49779	35	65058	62319	0.000562	1770	133	64223	0	0	0	nan	0	0	0	0.000324	0.000166	0.000324	0.000166	0.054381	0.027862
54	A	160	50882	47679	0.003356	3870	653	49937	34	65095	62436	0.000545	1765	130	64182	0	0	0	nan	0	0	0	0.002811	0.000281	0.002811	0.000281	0.471803	0.047163
55	U	132	50879	47910	0.002755	3869	653	49890	59	65093	62466	0.000945	1765	129	64143	0	0	0	nan	0	0	0	0.001811	0.000269	0.001811	0.000269	0.303961	0.045149
56	G	126	51638	48954	0.002574	3866	650	50778	47	65996	63663	0.000738	1765	129	65234	0	0	0	nan	0	0	0	0.001836	0.000253	0.001836	0.000253	0.308157	0.042464
57	A	88	51831	49132	0.001791	3866	650	50989	45	66156	63671	0.000707	1765	130	65420	0	0	0	nan	0	0	0	0.001084	0.000218	0.001084	0.000218	0.181940	0.036589
58	A	86	51833	49100	0.001752	3865	650	50979	44	66155	63688	0.000691	1765	130	65408	0	0	0	nan	0	0	0	0.001061	0.000216	0.001061	0.000216	0.178080	0.036254
59	G	401	51831	49150	0.008159	3864	649	50961	249	66151	63943	0.003894	1765	129	65395	0	0	0	nan	0	0	0	0.004265	0.000476	0.004265	0.000476	0.715844	0.079893
60	G	212	51837	49173	0.004311	3858	643	50950	72	66149	64123	0.001123	1754	126	65374	0	0	0	nan	0	0	0	0.003188	0.000324	0.003188	0.000324	0.535079	0.054381
61	A	458	51829	49644	0.009226	3853	640	50921	86	66148	64264	0.001338	1750	125	65343	0	0	0	nan	0	0	0	0.007887	0.000455	0.007887	0.000455	1.323766	0.076368
62	G	55	51831	49751	0.001106	3853	640	50915	51	66148	64364	0.000792	1750	125	65341	0	0	0	nan	0	0	0	0.000313	0.000186	0.000313	0.000186	0.052534	0.031219
63	A	67	51835	49778	0.001346	3851	639	50911	85	66147	64362	0.001321	1749	125	65324	0	0	0	nan	0	0	0	0.000025	0.000218	0.000025	0.000218	0.004196	0.036589
64	G	43	51834	49754	0.000864	3850	638	50904	55	66145	64238	0.000856	1749	125	65313	0	0	0	nan	0	0	0	0.000008	0.000175	0.000008	0.000175	0.001343	0.029372
65	A	74	51831	49805	0.001486	3850	637	50888	51	66140	64357	0.000792	1749	124	65293	0	0	0	nan	0	0	0	0.000693	0.000205	0.000693	0.000205	0.116314	0.034408
66	G	88	51829	49844	0.001766	3850	635	50876	56	66140	64416	0.000869	1749	123	65287	0	0	0	nan	0	0	0	0.000896	0.000221	0.000896	0.000221	0.150386	0.037093
67	A	105	51832	49393	0.002126	3844	626	50869	72	66137	64091	0.001123	1747	122	65272	0	0	0	nan	0	0	0	0.001002	0.000246	0.001002	0.000246	0.168177	0.041289
68	U	235	51830	48725	0.004823	3841	622	50838	75	66135	63679	0.001178	1746	122	65249	0	0	0	nan	0	0	0	0.003645	0.000343	0.003645	0.000343	0.611782	0.057570
69	G	367	51830	48000	0.007646	3839	622	50835	334	66134	63429	0.005266	1746	122	65246	0	0	0	nan	0	0	0	0.002380	0.000492	0.002380	0.000492	0.399463	0.082578
70	C	152	51830	47811	0.003179	3840	619	50836	99	66133	63388	0.001562	1746	122	65244	0	0	0	nan	0	0	0	0.001617	0.000302	0.001617	0.000302	0.271400	0.050688
71	A	198	51831	48070	0.004119	3835	616	50832	45	66134	63439	0.000709	1738	121	65243	0	0	0	nan	0	0	0	0.003410	0.000311	0.003410	0.000311	0.572340	0.052199
72	C	149	51835	48263	0.003087	3832	615	50836	60	66134	63739	0.000941	1737	121	65244	0	0	0	nan	0	0	0	0.002146	0.000281	0.002146	0.000281	0.360188	0.047163
73	U	506	51846	48698	0.010391	3831	614	50850	72	66148	64127	0.001123	1734	121	65264	0	0	0	nan	0	0	0	0.009268	0.000480	0.009268	0.000480	1.555556	0.080564
74	G	244	51848	48112	0.005071	3747	608	50852	53	66151	64061	0.000827	1699	119	65270	0	0	0	nan	0	0	0	0.004244	0.000344	0.004244	0.000344	0.712320	0.057737
75	A	1471	51850	49399	0.029778	3744	608	50849	71	66155	64077	0.001108	1694	119	65272	0	0	0	nan	0	0	0	0.028670	0.000787	0.028670	0.000787	4.812017	0.132091
76	G	98	51854	49333	0.001986	3741	603	50852	59	66160	64019	0.000922	1694	119	65277	0	0	0	nan	0	0	0	0.001065	0.000234	0.001065	0.000234	0.178751	0.039275
77	A	111	51857	49630	0.002237	3737	602	50852	101	66163	64542	0.001565	1692	119	65276	0	0	0	nan	0	0	0	0.000672	0.000263	0.000672	0.000263	0.112790	0.044142
78	G	236	51856	49514	0.004766	3734	600	50838	113	66163	64420	0.001754	1692	119	65261	0	0	0	nan	0	0	0	0.003012	0.000351	0.003012	0.000351	0.505539	0.058912
79	U	176	51854	49256	0.003573	3721	599	50817	85	66162	64243	0.001323	1687	117	65224	0	0	0	nan	0	0	0	0.002250	0.000305	0.002250	0.000305	0.377644	0.051192
80	G	445	51857	49154	0.009053	3708	597	50777	114	66162	64014	0.001781	1681	117	65189	0	0	0	nan	0	0	0	0.007272	0.000460	0.007272	0.000460	1.220544	0.077207
81	G	209	51857	48057	0.004349	3693	596	50729	96	66162	63100	0.001521	1674	117	65147	0	0	0	nan	0	0	0	0.002828	0.000339	0.002828	0.000339	0.474656	0.056898
82	A	626	51856	48421	0.012928	3554	596	50694	69	66160	63071	0.001094	1633	117	65113	0	0	0	nan	0	0	0	0.011834	0.000533	0.011834	0.000533	1.986237	0.089460
83	G	114	51859	48146	0.002368	3546	586	50692	99	66159	62870	0.001575	1630	116	65111	0	0	0	nan	0	0	0	0.000793	0.000272	0.000793	0.000272	0.133098	0.045653
84	A	177	51856	48639	0.003639	3532	581	50655	65	66156	63616	0.001022	1624	116	65095	0	0	0	nan	0	0	0	0.002617	0.000301	0.002617	0.000301	0.439241	0.050520
85	C	152	51858	48199	0.003154	3524	568	50595	72	66157	63131	0.001140	1621	114	65038	0	0	0	nan	0	0	0	0.002013	0.000289	0.002013	0.000289	0.337865	0.048506
86	C	230	51861	48308	0.004761	3506	183	50545	165	66161	63149	0.002613	1618	44	65005	0	0	0	nan	0	0	0	0.002148	0.000374	0.002148	0.000374	0.360524	0.062773
87	G	285	51872	48175	0.005916	3386	138	50561	182	66168	63154	0.002882	1582	33	65018	0	0	0	nan	0	0	0	0.003034	0.000410	0.003034	0.000410	0.509231	0.068815
88	G	777	51883	48144	0.016139	3370	137	50574	571	66169	63216	0.009033	1576	31	65023	0	0	0	nan	0	0	0	0.007107	0.000691	0.007107	0.000691	1.192850	0.115979
89	C	138	51890	48103	0.002869	3360	135	50587	143	66171	63201	0.002263	1573	31	65021	0	0	0	nan	0	0	0	0.000606	0.000309	0.000606	0.000309	0.101712	0.051863
90	C	75	51904	48284	0.001553	3358	135	50619	70	66177	63371	0.001105	1565	31	65029	0	0	0	nan	0	0	0	0.000449	0.000223	0.000449	0.000223	0.075361	0.037429
91	U	74	51913	48416	0.001528	3282	132	50645	48	66179	63701	0.000754	1542	31	65036	0	0	0	nan	0	0	0	0.000775	0.000208	0.000775	0.000208	0.130077	0.034911
92	A	120	51918	48689	0.002465	3022	130	50658	36	66180	63939	0.000563	1422	27	65043	0	0	0	nan	0	0	0	0.001902	0.000244	0.001902	0.000244	0.319235	0.040953
93	A	292	51921	48662	0.006001	3015	130	50665	40	66186	63723	0.000628	1421	26	65049	0	0	0	nan	0	0	0	0.005373	0.000365	0.005373	0.000365	0.901813	0.061262
94	C	181	51924	48293	0.003748	3013	129	50675	58	66192	63539	0.000913	1421	26	65057	0	0	0	nan	0	0	0	0.002835	0.000303	0.002835	0.000303	0.475831	0.050856
95	U	217	51929	48423	0.004481	3000	122	50686	42	66192	63815	0.000658	1417	26	65059	0	0	0	nan	0	0	0	0.003823	0.000321	0.003823	0.000321	0.641658	0.053877
96	U	478	51936	48669	0.009821	2982	119	50704	49	66197	64045	0.000765	1409	25	65072	0	0	0	nan	0	0	0	0.009056	0.000462	0.009056	0.000462	1.519973	0.077543
97	G	133	51947	47776	0.002784	2744	117	50729	42	66206	63786	0.000658	1279	25	65088	0	0	0	nan	0	0	0	0.002125	0.000262	0.002125	0.000262	0.356663	0.043974
98	A	1341	51955	48930	0.027406	2610	116	50746	90	66211	63843	0.001410	1232	25	65097	0	0	0	nan	0	0	0	0.025997	0.000763	0.025997	0.000763	4.363377	0.128063
99	G	73	51966	48897	0.001493	2608	114	50768	52	66212	63711	0.000816	1230	25	65100	0	0	0	nan	0	0	0	0.000677	0.000208	0.000677	0.000208	0.113629	0.034911
100	A	83	51968	49264	0.001685	2580	111	50764	51	66212	64186	0.000795	1222	25	65100	0	0	0	nan	0	0	0	0.000890	0.000216	0.000890	0.000216	0.149379	0.036254
101	G	1133	51968	49145	0.023054	2565	110	50760	663	66212	63974	0.010364	1218	25	65093	0	0	0	nan	0	0	0	0.012691	0.000794	0.012691	0.000794	2.130077	0.133266
102	A	456	51972	48658	0.009372	2537	106	50764	132	66212	63931	0.002065	1215	23	65082	0	0	0	nan	0	0	0	0.007307	0.000474	0.007307	0.000474	1.226418	0.079557
103	A	643	51973	49040	0.013112	2508	100	50765	42	66213	63897	0.000657	1207	20	65079	0	0	0	nan	0	0	0	0.012454	0.000527	0.012454	0.000527	2.090299	0.088453
104	A	141	51976	49039	0.002875	2500	100	50765	24	66213	63938	0.000375	1206	19	65070	0	0	0	nan	0	0	0	0.002500	0.000254	0.002500	0.000254	0.419604	0.042632
105	A	172	51977	48966	0.003513	2497	100	50762	121	66212	63875	0.001894	1205	19	65066	0	0	0	nan	0	0	0	0.001618	0.000318	0.001618	0.000318	0.271568	0.053374
106	G	375	51978	48762	0.007690	2480	100	50759	289	66212	63708	0.004536	1205	18	65064	0	0	0	nan	0	0	0	0.003154	0.000478	0.003154	0.000478	0.529372	0.080228
107	G	214	51983	48836	0.004382	2466	98	50760	153	66215	63744	0.002400	1198	18	65067	0	0	0	nan	0	0	0	0.001982	0.000357	0.001982	0.000357	0.332662	0.059919
108	G	62	51983	48960	0.001266	2350	85	50760	68	66216	63943	0.001063	1178	16	65067	0	0	0	nan	0	0	0	0.000203	0.000206	0.000203	0.000206	0.034072	0.034575
109	A	150	51984	48947	0.003065	2178	77	50761	54	66217	64064	0.000843	1149	14	65070	0	0	0	nan	0	0	0	0.002222	0.000275	0.002222	0.000275	0.372944	0.046156
110	U	254	51985	48928	0.005191	2114	61	50759	63	66217	64135	0.000982	1141	9	65069	0	0	0	nan	0	0	0	0.004209	0.000348	0.004209	0.000348	0.706445	0.058409
111	G	559	51986	48776	0.011461	2086	61	50764	322	66220	63851	0.005043	1132	9	65076	0	0	0	nan	0	0	0	0.006418	0.000560	0.006418	0.000560	1.077207	0.093991
112	U	292	51988	48807	0.005983	2073	44	50763	191	66221	63840	0.002992	1124	7	65075	0	0	0	nan	0	0	0	0.002991	0.000412	0.002991	0.000412	0.502014	0.069151
113	U	143	51990	48790	0.002931	2066	44	50767	68	66223	63750	0.001067	1123	7	65078	0	0	0	nan	0	0	0	0.001864	0.000277	0.001864	0.000277	0.312857	0.046492
114	G	505	51997	48933	0.010320	2032	16	50775	558	66226	63834	0.008741	1120	2	65080	0	0	0	nan	0	0	0	0.001579	0.000590	0.001579	0.000590	0.265022	0.099027
115	C	65	52005	49177	0.001322	2029	16	50788	71	66234	64053	0.001108	1118	2	65098	0	0	0	nan	0	0	0	0.000213	0.000210	0.000213	0.000210	0.035750	0.035247
116	A	70	52007	49015	0.001428	1932	3	50797	55	66239	64133	0.000858	1071	1	65111	0	0	0	nan	0	0	0	0.000571	0.000206	0.000571	0.000206	0.095838	0.034575
117	G	255	52014	49102	0.005193	1923	3	50808	36	66245	64165	0.000561	1067	1	65116	0	0	0	nan	0	0	0	0.004632	0.000338	0.004632	0.000338	0.777442	0.056730
118	A	549	52022	49060	0.011190	1879	3	50809	53	66244	63997	0.000828	1048	1	65109	0	0	0	nan	0	0	0	0.010362	0.000491	0.010362	0.000491	1.739174	0.082410
119	A	154	52025	48818	0.003155	1876	3	50808	39	66248	63789	0.000611	1047	1	65107	0	0	0	nan	0	0	0	0.002543	0.000272	0.002543	0.000272	0.426821	0.045653
120	G	252	52027	48716	0.005173	1866	3	50800	132	66253	63768	0.002070	1045	1	65109	0	0	0	nan	0	0	0	0.003103	0.000372	0.003103	0.000372	0.520812	0.062437
121	G	203	52027	48297	0.004203	1840	3	50796	130	66256	63586	0.002044	1041	1	65105	0	0	0	nan	0	0	0	0.002159	0.000345	0.002159	0.000345	0.362370	0.057905
122	A	71	52028	48010	0.001479	1841	3	50795	62	66255	63379	0.000978	1041	1	65099	0	0	0	nan	0	0	0	0.000501	0.000215	0.000501	0.000215	0.084089	0.036086
123	C	132	52035	47933	0.002754	1830	3	50803	60	66255	63457	0.000946	1041	1	65094	0	0	0	nan	0	0	0	0.001808	0.000269	0.001808	0.000269	0.303458	0.045149
124	U	286	52041	48095	0.005947	1812	3	50813	75	66258	63671	0.001178	1039	1	65100	0	0	0	nan	0	0	0	0.004769	0.000377	0.004769	0.000377	0.800436	0.063276
125	G	671	52046	48832	0.013741	1798	3	50822	133	66257	63799	0.002085	1035	1	65093	0	0	0	nan	0	0	0	0.011656	0.000560	0.011656	0.000560	1.956361	0.093991
126	U	131	52053	48866	0.002681	1789	3	50830	77	66259	63777	0.001207	1035	1	65097	0	0	0	nan	0	0	0	0.001473	0.000272	0.001473	0.000272	0.247231	0.045653
127	G	588	52063	48774	0.012056	1783	3	50853	101	66260	63572	0.001589	1034	1	65112	0	0	0	nan	0	0	0	0.010467	0.000522	0.010467	0.000522	1.756798	0.087613
128	A	237	52067	48659	0.004871	1772	3	50862	60	66261	63509	0.000945	1032	1	65114	0	0	0	nan	0	0	0	0.003926	0.000339	0.003926	0.000339	0.658946	0.056898
129	A	250	52071	48612	0.005143	1752	3	50863	37	66265	63431	0.000583	1022	1	65118	0	0	0	nan	0	0	0	0.004559	0.000339	0.004559	0.000339	0.765190	0.056898
130	U	262	52077	48612	0.005390	1741	3	50870	92	66278	63738	0.001443	1013	1	65136	0	0	0	nan	0	0	0	0.003946	0.000365	0.003946	0.000365	0.662303	0.061262
131	G	414	52086	48903	0.008466	1739	3	50888	93	66281	63850	0.001457	1009	1	65147	0	0	0	nan	0	0	0	0.007009	0.000443	0.007009	0.000443	1.176401	0.074354
132	U	251	52093	48974	0.005125	1727	3	50892	100	66284	63922	0.001564	1006	1	65154	0	0	0	nan	0	0	0	0.003561	0.000359	0.003561	0.000359	0.597684	0.060255
133	G	754	52101	49331	0.015285	1718	3	50910	242	66287	63974	0.003783	1003	1	65165	0	0	0	nan	0	0	0	0.011502	0.000607	0.011502	0.000607	1.930514	0.101880
134	G	120	52106	49320	0.002433	1706	3	50916	89	66288	64190	0.001387	1001	1	65168	0	0	0	nan	0	0	0	0.001047	0.000266	0.001047	0.000266	0.175730	0.044646
135	A	612	52105	49907	0.012263	1034	3	50908	97	66288	64375	0.001507	575	1	65162	0	0	0	nan	0	0	0	0.010756	0.000519	0.010756	0.000519	1.805304	0.087110
136	G	29	52106	49865	0.000582	1035	3	50908	41	66285	64282	0.000638	574	1	65152	0	0	0	nan	0	0	0	-0.000056	0.000147	-0.000056	0.000147	-0.009399	0.024673
137	A	91	52105	49900	0.001824	1025	3	50905	55	66285	64253	0.000856	568	1	65148	0	0	0	nan	0	0	0	0.000968	0.000223	0.000968	0.000223	0.162471	0.037429
138	G	89	52106	49629	0.001793	1021	3	50903	55	66284	64052	0.000859	562	1	65139	0	0	0	nan	0	0	0	0.000935	0.000223	0.000935	0.000223	0.156932	0.037429
139	A	63	52106	49570	0.001271	1036	3	50897	54	66282	64042	0.000843	564	1	65131	0	0	0	nan	0	0	0	0.000428	0.000197	0.000428	0.000197	0.071836	0.033065
140	G	298	52104	49245	0.006051	1034	3	50894	309	66281	63849	0.004840	563	1	65128	0	0	0	nan	0	0	0	0.001212	0.000446	0.001212	0.000446	0.203424	0.074857
141	C	288	52108	49316	0.005840	1047	3	50905	187	66284	63866	0.002928	558	0	65129	0	0	0	nan	0	0	0	0.002912	0.000405	0.002912	0.000405	0.488755	0.067976
142	G	545	52115	49243	0.011068	1038	3	50923	612	66291	63841	0.009586	553	0	65146	0	0	0	nan	0	0	0	0.001481	0.000612	0.001481	0.000612	0.248573	0.102719
143	C	104	52121	49470	0.002102	1008	3	50930	104	66296	63956	0.001626	536	0	65147	0	0	0	nan	0	0	0	0.000476	0.000261	0.000476	0.000261	0.079893	0.043807
144	A	95	52127	49461	0.001921	1004	3	50958	71	66298	63994	0.001109	531	0	65157	0	0	0	nan	0	0	0	0.000811	0.000237	0.000811	0.000237	0.136120	0.039778
145	G	157	52141	49447	0.003175	989	3	50994	77	66303	64039	0.001202	521	0	65178	0	0	0	nan	0	0	0	0.001973	0.000288	0.001973	0.000288	0.331151	0.048338
146	U	161	52144	49522	0.003251	984	3	51005	73	66310	64139	0.001138	519	0	65194	0	0	0	nan	0	0	0	0.002113	0.000289	0.002113	0.000289	0.354649	0.048506
147	G	228	52150	49774	0.004581	971	3	51020	69	66315	64313	0.001073	514	0	65204	0	0	0	nan	0	0	0	0.003508	0.000330	0.003508	0.000330	0.588788	0.055388
148	A	128	52153	49920	0.002564	966	3	51027	66	66317	64437	0.001024	512	0	65211	0	0	0	nan	0	0	0	0.001540	0.000259	0.001540	0.000259	0.258476	0.043471
149	A	186	52157	49753	0.003738	942	3	51033	52	66320	64278	0.000809	497	0	65217	0	0	0	nan	0	0	0	0.002929	0.000296	0.002929	0.000296	0.491608	0.049681
150	G	443	52158	49458	0.008957	926	3	51034	283	66320	64113	0.004414	493	0	65219	0	0	0	nan	0	0	0	0.004543	0.000500	0.004543	0.000500	0.762504	0.083921
151	G	259	52158	49502	0.005232	902	3	51028	213	66320	64187	0.003318	482	0	65219	0	0	0	nan	0	0	0	0.001914	0.000397	0.001914	0.000397	0.321249	0.066633
152	G	101	52160	49486	0.002041	888	3	51021	83	66321	64149	0.001294	471	0	65208	0	0	0	nan	0	0	0	0.000747	0.000248	0.000747	0.000248	0.125378	0.041625
153	A	140	52160	49539	0.002826	853	3	51010	49	66321	64189	0.000763	450	0	65196	0	0	0	nan	0	0	0	0.002063	0.000263	0.002063	0.000263	0.346257	0.044142
154	U	159	52161	49519	0.003211	850	3	51008	36	66321	64093	0.000562	450	0	65190	0	0	0	nan	0	0	0	0.002649	0.000271	0.002649	0.000271	0.444612	0.045485
155	A	305	52165	49699	0.006137	849	3	51010	80	66321	64094	0.001248	450	0	65186	0	0	0	nan	0	0	0	0.004889	0.000378	0.004889	0.000378	0.820577	0.063444
156	G	206	52164	49815	0.004135	847	3	51012	113	66321	64263	0.001758	449	0	65186	0	0	0	nan	0	0	0	0.002377	0.000332	0.002377	0.000332	0.398959	0.055723
157	G	73	52165	49698	0.001469	829	3	51017	66	66322	64210	0.001028	443	0	65188	0	0	0	nan	0	0	0	0.000441	0.000213	0.000441	0.000213	0.074018	0.035750
158	A	41	52165	49563	0.000827	824	3	51019	40	66320	64092	0.000624	439	0	65184	0	0	0	nan	0	0	0	0.000203	0.000163	0.000203	0.000163	0.034072	0.027358
159	C	107	52170	49485	0.002162	822	3	51020	71	66320	64083	0.001108	439	0	65185	0	0	0	nan	0	0	0	0.001054	0.000247	0.001054	0.000247	0.176905	0.041457
160	G	1277	52174	49466	0.025816	820	3	51025	1370	66320	63854	0.021455	436	0	65184	0	0	0	nan	0	0	0	0.004361	0.000926	0.004361	0.000926	0.731957	0.155421
161	U	473	52185	49405	0.009574	813	3	51026	387	66320	63885	0.006058	431	0	65171	0	0	0	nan	0	0	0	0.003516	0.000537	0.003516	0.000537	0.590131	0.090131
162	U	166	52188	49472	0.003355	814	3	51031	63	66322	63924	0.000986	432	0	65168	0	0	0	nan	0	0	0	0.002370	0.000289	0.002370	0.000289	0.397784	0.048506
163	U	305	52195	49750	0.006131	810	3	51045	67	66322	64070	0.001046	430	0	65165	0	0	0	nan	0	0	0	0.005085	0.000374	0.005085	0.000374	0.853474	0.062773
164	G	782	52196	49401	0.015830	796	3	51049	319	66323	63866	0.004995	426	0	65167	0	0	0	nan	0	0	0	0.010835	0.000631	0.010835	0.000631	1.818563	0.105908
165	U	425	52197	49117	0.008653	698	3	51046	333	66326	63683	0.005229	372	0	65166	0	0	0	nan	0	0	0	0.003424	0.000508	0.003424	0.000508	0.574689	0.085264
166	U	146	52201	48995	0.002980	698	3	51047	69	66327	63642	0.001084	372	0	65166	0	0	0	nan	0	0	0	0.001896	0.000279	0.001896	0.000279	0.318228	0.046828
167	U	177	52204	49236	0.003595	696	3	51056	64	66328	63763	0.001004	370	0	65168	0	0	0	nan	0	0	0	0.002591	0.000298	0.002591	0.000298	0.434877	0.050017
168	G	278	52207	49432	0.005624	688	3	51066	269	66330	63921	0.004208	366	0	65180	0	0	0	nan	0	0	0	0.001416	0.000424	0.001416	0.000424	0.237664	0.071165
169	C	55	52210	49600	0.001109	690	3	51067	103	66332	64056	0.001608	366	0	65174	0	0	0	nan	0	0	0	-0.000499	0.000218	-0.000499	0.000218	-0.083753	0.036589
170	A	84	52213	49683	0.001691	612	3	51080	42	66334	64129	0.000655	341	0	65175	0	0	0	nan	0	0	0	0.001036	0.000210	0.001036	0.000210	0.173884	0.035247
171	A	68	52221	49707	0.001368	613	3	51099	38	66336	64270	0.000591	341	0	65186	0	0	0	nan	0	0	0	0.000777	0.000192	0.000777	0.000192	0.130413	0.032226
172	G	251	52223	49784	0.005042	616	3	51110	47	66342	64161	0.000733	339	0	65198	0	0	0	nan	0	0	0	0.004309	0.000336	0.004309	0.000336	0.723229	0.056395
173	A	303	52224	49655	0.006102	617	3	51109	63	66345	63958	0.000985	338	0	65194	0	0	0	nan	0	0	0	0.005117	0.000372	0.005117	0.000372	0.858845	0.062437
174	G	497	52228	49458	0.010049	616	3	51118	208	66346	63762	0.003262	337	0	65199	0	0	0	nan	0	0	0	0.006787	0.000504	0.006787	0.000504	1.139141	0.084592
175	G	341	52231	49400	0.006903	614	3	51124	270	66351	63738	0.004236	336	0	65202	0	0	0	nan	0	0	0	0.002667	0.000454	0.002667	0.000454	0.447633	0.076200
176	G	279	52232	49125	0.005679	612	3	51122	437	66351	63686	0.006862	335	0	65200	0	0	0	nan	0	0	0	-0.001182	0.000473	-0.001182	0.000473	-0.198389	0.079389
177	U	304	52238	48677	0.006245	635	3	51125	313	66350	63477	0.004931	343	0	65191	0	0	0	nan	0	0	0	0.001314	0.000454	0.001314	0.000454	0.220544	0.076200
178	C	1004	52240	48738	0.020600	629	3	51129	1047	66354	63438	0.016504	342	0	65191	0	0	0	nan	0	0	0	0.004096	0.000826	0.004096	0.000826	0.687479	0.138637
179	U	1154	52244	48674	0.023709	597	3	51136	282	66355	63494	0.004441	332	0	65199	0	0	0	nan	0	0	0	0.019267	0.000746	0.019267	0.000746	3.233803	0.125210
180	U	297	52246	48939	0.006069	597	3	51144	62	66356	63734	0.000973	332	0	65200	0	0	0	nan	0	0	0	0.005096	0.000373	0.005096	0.000373	0.855321	0.062605
181	U	462	52251	49441	0.009344	607	7	51162	49	66364	64136	0.000764	331	0	65215	0	0	0	nan	0	0	0	0.008580	0.000448	0.008580	0.000448	1.440081	0.075193
182	G	150	52255	49421	0.003035	584	7	51174	52	66365	64158	0.000810	317	0	65231	0	0	0	nan	0	0	0	0.002225	0.000272	0.002225	0.000272	0.373447	0.045653
183	A	212	52256	49545	0.004279	578	7	51178	103	66366	64188	0.001605	314	0	65228	0	0	0	nan	0	0	0	0.002674	0.000334	0.002674	0.000334	0.448808	0.056059
184	G	487	52264	49511	0.009836	576	7	51189	138	66369	64021	0.002156	313	0	65233	0	0	0	nan	0	0	0	0.007681	0.000482	0.007681	0.000482	1.289191	0.080900
185	G	95	52269	49556	0.001917	574	7	51202	92	66370	64094	0.001435	309	0	65240	0	0	0	nan	0	0	0	0.000482	0.000247	0.000482	0.000247	0.080900	0.041457
186	A	84	52267	49431	0.001699	554	7	51199	46	66370	63890	0.000720	295	0	65239	0	0	0	nan	0	0	0	0.000979	0.000214	0.000979	0.000214	0.164317	0.035918
187	U	447	52267	49535	0.009024	553	7	51200	68	66372	63892	0.001064	295	0	65245	0	0	0	nan	0	0	0	0.007960	0.000446	0.007960	0.000446	1.336019	0.074857
188	G	221	52272	49608	0.004455	552	7	51215	111	66376	63928	0.001736	295	0	65254	0	0	0	nan	0	0	0	0.002719	0.000342	0.002719	0.000342	0.456361	0.057402
189	G	83	52274	49842	0.001665	554	7	51217	79	66377	64093	0.001233	295	0	65258	0	0	0	nan	0	0	0	0.000433	0.000229	0.000433	0.000229	0.072675	0.038436
190	A	92	52277	49908	0.001843	556	7	51219	99	66376	64205	0.001542	294	0	65255	0	0	0	nan	0	0	0	0.000301	0.000247	0.000301	0.000247	0.050520	0.041457
191	G	57	52278	49063	0.001162	559	7	51218	77	66377	63507	0.001212	298	0	65254	0	0	0	nan	0	0	0	-0.000051	0.000207	-0.000051	0.000207	-0.008560	0.034743
192	U	399	52277	48717	0.008190	569	8	51217	474	66378	63332	0.007484	300	0	65255	0	0	0	nan	0	0	0	0.000706	0.000535	0.000706	0.000535	0.118496	0.089795
193	C	73	52279	48588	0.001502	577	8	51220	51	66379	63196	0.000807	303	0	65259	0	0	0	nan	0	0	0	0.000695	0.000209	0.000695	0.000209	0.116650	0.035079
194	U	123	52279	49076	0.002506	576	8	51227	62	66380	63628	0.000974	302	0	65260	0	0	0	nan	0	0	0	0.001532	0.000258	0.001532	0.000258	0.257133	0.043303
195	A	107	52285	49285	0.002171	574	8	51244	65	66383	63937	0.001017	302	0	65265	0	0	0	nan	0	0	0	0.001154	0.000245	0.001154	0.000245	0.193689	0.041121
196	G	424	52286	49650	0.008540	574	8	51244	75	66383	64030	0.001171	300	0	65270	0	0	0	nan	0	0	0	0.007368	0.000436	0.007368	0.000436	1.236657	0.073179
197	U	296	52293	49814	0.005942	576	9	51262	149	66387	64053	0.002326	301	0	65279	0	0	0	nan	0	0	0	0.003616	0.000394	0.003616	0.000394	0.606915	0.066130
198	A	69	52298	49762	0.001387	574	10	51275	76	66392	64015	0.001187	301	0	65285	0	0	0	nan	0	0	0	0.000199	0.000215	0.000199	0.000215	0.033400	0.036086
199	A	58	52305	49727	0.001166	573	13	51287	36	66393	64032	0.000562	301	0	65290	0	0	0	nan	0	0	0	0.000604	0.000180	0.000604	0.000180	0.101376	0.030211
200	A	42	52303	49210	0.000853	574	15	51287	52	66393	63541	0.000818	300	1	65287	0	0	0	nan	0	0	0	0.000035	0.000174	0.000035	0.000174	0.005874	0.029204
201	C	557	52304	49218	0.011317	573	15	51289	763	66392	63656	0.011986	300	2	65283	0	0	0	nan	0	0	0	-0.000669	0.000647	-0.000669	0.000647	-0.112286	0.108593
202	A	193	52303	49205	0.003922	554	23	51286	87	66392	63616	0.001368	278	5	65285	0	0	0	nan	0	0	0	0.002555	0.000318	0.002555	0.000318	0.428835	0.053374
203	A	134	52308	49426	0.002711	557	25	51295	36	66393	63723	0.000565	280	5	65293	0	0	0	nan	0	0	0	0.002146	0.000252	0.002146	0.000252	0.360188	0.042296
204	A	101	52309	49542	0.002039	557	63	51300	59	66395	63794	0.000925	280	12	65300	0	0	0	nan	0	0	0	0.001114	0.000236	0.001114	0.000236	0.186975	0.039611
205	G	247	52309	49292	0.005011	557	63	51302	54	66393	63537	0.000850	278	12	65299	0	0	0	nan	0	0	0	0.004161	0.000339	0.004161	0.000339	0.698389	0.056898
206	U	384	52312	49602	0.007742	557	63	51310	91	66397	63726	0.001428	278	12	65308	0	0	0	nan	0	0	0	0.006314	0.000422	0.006314	0.000422	1.059752	0.070829
207	G	517	52311	49568	0.010430	559	64	51332	318	66400	63777	0.004986	279	12	65327	0	0	0	nan	0	0	0	0.005444	0.000537	0.005444	0.000537	0.913729	0.090131
208	G	274	52312	49889	0.005492	560	67	51335	104	66402	64196	0.001620	280	12	65336	0	0	0	nan	0	0	0	0.003872	0.000368	0.003872	0.000368	0.649883	0.061766
209	G	172	52315	49815	0.003453	571	79	51346	188	66410	64128	0.002932	285	14	65349	0	0	0	nan	0	0	0	0.000521	0.000339	0.000521	0.000339	0.087445	0.056898
210	G	128	52318	49628	0.002579	606	193	51349	99	66413	63913	0.001549	289	50	65359	0	0	0	nan	0	0	0	0.001030	0.000276	0.001030	0.000276	0.172877	0.046324
211	A	80	52322	49224	0.001625	640	209	51355	61	66417	63747	0.000957	304	52	65363	0	0	0	nan	0	0	0	0.000668	0.000219	0.000668	0.000219	0.112118	0.036757
212	C	168	52322	49337	0.003405	649	213	51354	87	66416	63855	0.001362	314	54	65366	0	0	0	nan	0	0	0	0.002043	0.000301	0.002043	0.000301	0.342900	0.050520
213	A	148	52325	49579	0.002985	653	221	51361	40	66420	64053	0.000624	319	59	65374	0	0	0	nan	0	0	0	0.002361	0.000264	0.002361	0.000264	0.396274	0.044310
214	A	164	52326	50169	0.003269	654	329	51363	75	66419	64481	0.001163	319	78	65373	0	0	0	nan	0	0	0	0.002106	0.000288	0.002106	0.000288	0.353474	0.048338
215	G	216	52328	49574	0.004357	655	330	51371	166	66420	64083	0.002590	320	79	65379	0	0	0	nan	0	0	0	0.001767	0.000358	0.001767	0.000358	0.296576	0.060087
216	U	331	52329	49470	0.006691	663	337	51373	145	66421	64080	0.002263	324	82	65380	0	0	0	nan	0	0	0	0.004428	0.000413	0.004428	0.000413	0.743202	0.069319
217	G	444	52329	49304	0.009005	663	341	51373	103	66421	63886	0.001612	324	85	65380	0	0	0	nan	0	0	0	0.007393	0.000456	0.007393	0.000456	1.240853	0.076536
218	A	663	52330	49624	0.013360	636	343	51376	52	66422	63909	0.000814	297	86	65383	0	0	0	nan	0	0	0	0.012547	0.000531	0.012547	0.000531	2.105908	0.089124
219	U	161	52332	49662	0.003242	676	347	51380	85	66424	63960	0.001329	299	89	65393	0	0	0	nan	0	0	0	0.001913	0.000293	0.001913	0.000293	0.321081	0.049178
220	G	113	52338	49597	0.002278	677	351	51390	93	66428	63994	0.001453	295	91	65407	0	0	0	nan	0	0	0	0.000825	0.000262	0.000825	0.000262	0.138469	0.043974
221	A	72	52339	49405	0.001457	682	351	51391	49	66432	63865	0.000767	298	91	65407	0	0	0	nan	0	0	0	0.000690	0.000204	0.000690	0.000204	0.115811	0.034240
222	C	69	52339	49200	0.001402	682	354	51394	87	66434	63596	0.001368	304	91	65402	0	0	0	nan	0	0	0	0.000034	0.000224	0.000034	0.000224	0.005707	0.037597
223	C	40	52343	49384	0.000810	683	356	51401	44	66435	63692	0.000691	301	92	65407	0	0	0	nan	0	0	0	0.000119	0.000165	0.000119	0.000165	0.019973	0.027694
224	A	76	52346	49361	0.001540	678	384	51410	56	66441	63636	0.000880	296	94	65418	0	0	0	nan	0	0	0	0.000660	0.000212	0.000660	0.000212	0.110775	0.035582
225	G	800	52348	49031	0.016316	677	385	51422	673	66441	63226	0.010644	296	94	65420	0	0	0	nan	0	0	0	0.005672	0.000708	0.005672	0.000708	0.951997	0.118832
226	U	447	52352	48516	0.009213	675	385	51433	175	66445	62872	0.002783	296	94	65432	0	0	0	nan	0	0	0	0.006430	0.000484	0.006430	0.000484	1.079221	0.081235
227	U	262	52351	48700	0.005380	675	385	51445	43	66447	62965	0.000683	297	95	65449	0	0	0	nan	0	0	0	0.004697	0.000348	0.004697	0.000348	0.788352	0.058409
228	U	167	52359	49151	0.003398	675	387	51480	59	66455	63375	0.000931	293	96	65482	0	0	0	nan	0	0	0	0.002467	0.000290	0.002467	0.000290	0.414065	0.048674
229	G	150	52364	49428	0.003035	674	403	51498	119	66461	63672	0.001869	291	97	65498	0	0	0	nan	0	0	0	0.001166	0.000301	0.001166	0.000301	0.195703	0.050520
230	G	101	52384	49501	0.002040	607	411	51552	92	66479	63721	0.001444	231	100	65565	0	0	0	nan	0	0	0	0.000597	0.000253	0.000597	0.000253	0.100201	0.042464
231	A	179	52392	49783	0.003596	619	424	51574	83	66486	64005	0.001297	231	104	65578	0	0	0	nan	0	0	0	0.002299	0.000304	0.002299	0.000304	0.385868	0.051024
232	G	86	52401	49937	0.001722	626	426	51595	122	66493	64152	0.001902	234	105	65598	0	0	0	nan	0	0	0	-0.000180	0.000253	-0.000180	0.000253	-0.030211	0.042464
233	A	43	52403	49717	0.000865	637	451	51599	59	66494	63989	0.000922	237	112	65603	0	0	0	nan	0	0	0	-0.000057	0.000178	-0.000057	0.000178	-0.009567	0.029876
234	C	244	52410	49986	0.004881	646	453	51613	252	66495	64203	0.003925	247	116	65608	0	0	0	nan	0	0	0	0.000956	0.000398	0.000956	0.000398	0.160457	0.066801
235	A	109	52413	49623	0.002197	647	455	51625	82	66497	63990	0.001281	247	116	65614	0	0	0	nan	0	0	0	0.000915	0.000254	0.000915	0.000254	0.153575	0.042632
236	A	327	52415	49814	0.006564	648	456	51630	42	66496	64134	0.000655	247	116	65612	0	0	0	nan	0	0	0	0.005910	0.000377	0.005910	0.000377	0.991944	0.063276
237	A	84	52415	49402	0.001700	648	456	51633	41	66495	63806	0.000643	247	116	65613	0	0	0	nan	0	0	0	0.001058	0.000211	0.001058	0.000211	0.177576	0.035415
238	U	120	52415	49643	0.002417	649	456	51632	58	66496	64134	0.000904	247	116	65613	0	0	0	nan	0	0	0	0.001513	0.000251	0.001513	0.000251	0.253944	0.042128
239	G	180	52416	49799	0.003615	649	459	51633	112	66496	64228	0.001744	247	116	65614	0	0	0	nan	0	0	0	0.001871	0.000316	0.001871	0.000316	0.314032	0.053038
240	G	130	52416	49946	0.002603	649	473	51633	65	66496	64320	0.001011	247	116	65615	0	0	0	nan	0	0	0	0.001592	0.000260	0.001592	0.000260	0.267204	0.043639
241	A	66	52416	49817	0.001325	650	473	51633	53	66496	64252	0.000825	247	116	65616	0	0	0	nan	0	0	0	0.000500	0.000199	0.000500	0.000199	0.083921	0.033400
242	A	246	52418	49549	0.004965	650	474	51637	57	66496	64149	0.000889	247	116	65617	0	0	0	nan	0	0	0	0.004076	0.000338	0.004076	0.000338	0.684122	0.056730
243	G	1248	52419	49829	0.025046	650	474	51638	749	66498	64318	0.011645	247	116	65620	0	0	0	nan	0	0	0	0.013400	0.000827	0.013400	0.000827	2.249077	0.138805
244	A	462	52423	49348	0.009362	650	474	51644	83	66499	63866	0.001300	246	117	65624	0	0	0	nan	0	0	0	0.008062	0.000458	0.008062	0.000458	1.353139	0.076871
245	A	216	52422	49169	0.004393	650	474	51636	29	66493	63537	0.000456	247	117	65610	0	0	0	nan	0	0	0	0.003937	0.000311	0.003937	0.000311	0.660792	0.052199
246	A	256	52375	48925	0.005232	650	475	51505	48	66362	63025	0.000762	247	117	65251	0	0	0	nan	0	0	0	0.004471	0.000345	0.004471	0.000345	0.750420	0.057905
247	G	594	52378	49057	0.012108	650	475	51518	395	66367	63335	0.006237	247	117	65262	0	0	0	nan	0	0	0	0.005872	0.000588	0.005872	0.000588	0.985566	0.098691
248	G	549	52381	49183	0.011162	651	475	51538	230	66373	63186	0.003640	247	117	65278	0	0	0	nan	0	0	0	0.007522	0.000533	0.007522	0.000533	1.262504	0.089460
249	G	230	52379	48900	0.004703	651	477	51542	210	66377	63169	0.003324	247	117	65288	0	0	0	nan	0	0	0	0.001379	0.000386	0.001379	0.000386	0.231454	0.064787
250	U	77	52381	48523	0.001587	651	477	51541	77	66381	62846	0.001225	247	117	65301	0	0	0	nan	0	0	0	0.000362	0.000228	0.000362	0.000228	0.060759	0.038268
251	U	94	52381	48659	0.001932	651	478	51542	39	66382	63012	0.000619	248	117	65303	0	0	0	nan	0	0	0	0.001313	0.000223	0.001313	0.000223	0.220376	0.037429
252	A	444	52385	48925	0.009075	651	479	51546	46	66383	63202	0.000728	248	118	65305	0	0	0	nan	0	0	0	0.008347	0.000444	0.008347	0.000444	1.400973	0.074522
253	G	1260	52386	49440	0.025485	651	479	51552	799	66384	63089	0.012665	248	118	65311	0	0	0	nan	0	0	0	0.012821	0.000846	0.012821	0.000846	2.151897	0.141994
254	U	526	52389	49509	0.010624	653	480	51564	285	66388	62995	0.004524	249	118	65316	0	0	0	nan	0	0	0	0.006100	0.000535	0.006100	0.000535	1.023834	0.089795
255	U	186	52396	49384	0.003766	653	480	51579	63	66392	62657	0.001005	249	118	65330	0	0	0	nan	0	0	0	0.002761	0.000304	0.002761	0.000304	0.463411	0.051024
256	U	246	52401	49050	0.005015	654	480	51585	30	66397	62088	0.000483	248	118	65339	0	0	0	nan	0	0	0	0.004532	0.000332	0.004532	0.000332	0.760658	0.055723
257	G	190	52406	48669	0.003904	650	480	51597	148	66403	61874	0.002392	246	118	65348	0	0	0	nan	0	0	0	0.001512	0.000345	0.001512	0.000345	0.253776	0.057905
258	C	112	52410	47929	0.002337	655	483	51615	110	66410	60958	0.001805	247	120	65373	0	0	0	nan	0	0	0	0.000532	0.000280	0.000532	0.000280	0.089292	0.046996
259	U	195	52436	47505	0.004105	652	484	51683	122	66442	60562	0.002014	242	121	65454	0	0	0	nan	0	0	0	0.002090	0.000346	0.002090	0.000346	0.350789	0.058073
260	C	132	52450	47321	0.002789	654	493	51723	113	66455	60455	0.001869	245	126	65500	0	0	0	nan	0	0	0	0.000920	0.000300	0.000920	0.000300	0.154414	0.050352
261	C	6342	52489	48296	0.131315	654	494	51848	8821	66496	61730	0.142896	245	126	65681	0	0	0	nan	0	0	0	-0.011581	0.002244	nan	nan	nan	nan
262	U	259	52550	49259	0.005258	656	495	52041	213	66557	62813	0.003391	245	126	65923	0	0	0	nan	0	0	0	0.001867	0.000401	0.001867	0.000401	0.313360	0.067304
263	U	184	52620	49602	0.003710	655	497	52245	129	66604	63215	0.002041	244	127	66151	0	0	0	nan	0	0	0	0.001669	0.000327	0.001669	0.000327	0.280128	0.054884
264	C	44	52646	50026	0.000880	655	497	52322	55	66634	63830	0.000862	244	127	66239	0	0	0	nan	0	0	0	0.000018	0.000176	0.000018	0.000176	0.003021	0.029540
265	A	38	52669	49712	0.000764	654	497	52369	41	66661	63574	0.000645	244	127	66289	0	0	0	nan	0	0	0	0.000119	0.000160	0.000119	0.000160	0.019973	0.026855
266	G	367	52673	49699	0.007384	655	497	52378	338	66668	63547	0.005319	245	127	66300	0	0	0	nan	0	0	0	0.002066	0.000482	0.002066	0.000482	0.346761	0.080900
267	C	62	52683	49837	0.001244	655	497	52398	62	66675	63619	0.000975	246	127	66318	0	0	0	nan	0	0	0	0.000270	0.000201	0.000270	0.000201	0.045317	0.033736
268	U	116	52688	49681	0.002335	655	497	52415	50	66678	63585	0.000786	246	127	66333	0	0	0	nan	0	0	0	0.001549	0.000244	0.001549	0.000244	0.259987	0.040953
269	A	97	52697	49804	0.001948	653	497	52439	33	66685	63582	0.000519	246	127	66353	0	0	0	nan	0	0	0	0.001429	0.000217	0.001429	0.000217	0.239846	0.036422
270	C	102	52707	49440	0.002063	652	497	52464	53	66704	63207	0.000839	246	127	66382	0	0	0	nan	0	0	0	0.001225	0.000235	0.001225	0.000235	0.205606	0.039443
271	G	1671	52755	50039	0.033394	650	497	52580	1022	66750	63772	0.016026	243	127	66516	0	0	0	nan	0	0	0	0.017368	0.000958	0.017368	0.000958	2.915072	0.160792
272	U	240	52842	50551	0.004748	650	497	52761	262	66834	64438	0.004066	244	127	66731	0	0	0	nan	0	0	0	0.000682	0.000396	0.000682	0.000396	0.114468	0.066465
273	U	95	52857	49813	0.001907	647	498	52796	57	66846	63723	0.000894	242	127	66764	0	0	0	nan	0	0	0	0.001013	0.000229	0.001013	0.000229	0.170023	0.038436
274	U	381	52859	49913	0.007633	639	498	52798	367	66847	63620	0.005769	240	127	66770	0	0	0	nan	0	0	0	0.001865	0.000494	0.001865	0.000494	0.313025	0.082914
275	C	71	52878	49853	0.001424	634	499	52830	92	66853	63478	0.001449	240	127	66789	0	0	0	nan	0	0	0	-0.000025	0.000227	-0.000025	0.000227	-0.004196	0.038100
276	C	1909	52902	51018	0.037418	597	499	52872	2821	66883	64795	0.043537	229	127	66850	0	0	0	nan	0	0	0	-0.006119	0.001185	-0.006119	0.001185	-1.027022	0.198892
277	U	187	52923	51061	0.003662	597	499	52912	160	66903	65004	0.002461	229	127	66894	0	0	0	nan	0	0	0	0.001201	0.000331	0.001201	0.000331	0.201578	0.055556
278	U	119	52935	50612	0.002351	582	499	52935	67	66913	64431	0.001040	223	127	66913	0	0	0	nan	0	0	0	0.001311	0.000250	0.001311	0.000250	0.220040	0.041960
279	G	298	52935	50492	0.005902	582	499	52935	193	66913	64112	0.003010	223	127	66913	0	0	0	nan	0	0	0	0.002892	0.000405	0.002892	0.000405	0.485398	0.067976
280	C	0	52935	50718	0.000000	582	499	52935	0	66913	64401	0.000000	223	127	66913	0	0	0	nan	0	0	0	0.000000	0.000000	0.000000	0.000000	0.000000	0.000000
281	C	0	52935	0	nan	572	499	52935	0	66913	0	nan	221	127	66913	0	0	0	nan	0	0	0	nan	nan	nan	nan	nan	nan
282	U	0	52935	0	nan	572	499	52935	0	66913	0	nan	221	127	66913	0	0	0	nan	0	0	0	nan	nan	nan	nan	nan	nan
283	C	0	52935	0	nan	571	499	52935	0	66913	0	nan	220	127	66913	0	0	0	nan	0	0	0	nan	nan	nan	nan	nan	nan
284	U	0	52935	0	nan	569	499	52935	0	66913	0	nan	219	127	66913	0	0	0	nan	0	0	0	nan	nan	nan	nan	nan	nan
285	U	0	52935	0	nan	565	499	52935	0	66913	0	nan	217	127	66913	0	0	0	nan	0	0	0	nan	nan	nan	nan	nan	nan
286	G	0	52935	0	nan	564	499	52935	0	66913	0	nan	217	127	66913	0	0	0	nan	0	0	0	nan	nan	nan	nan	nan	nan
287	C	0	52935	0	nan	560	499	52935	0	66913	0	nan	215	127	66913	0	0	0	nan	0	0	0	nan	nan	nan	nan	nan	nan
288	G	0	52935	0	nan	560	499	52935	0	66913	0	nan	215	127	66913	0	0	0	nan	0	0	0	nan	nan	nan	nan	nan	nan
289	G	0	52935	0	nan	552	499	52935	0	66913	0	nan	213	127	66913	0	0	0	nan	0	0	0	nan	nan	nan	nan	nan	nan
290	U	0	52935	0	nan	533	499	52935	0	66913	0	nan	199	127	66913	0	0	0	nan	0	0	0	nan	nan	nan	nan	nan	nan
291	C	0	52935	0	nan	533	499	52935	0	66913	0	nan	199	127	66913	0	0	0	nan	0	0	0	nan	nan	nan	nan	nan	nan
292	G	0	52895	0	nan	533	499	52895	0	66887	0	nan	199	127	66887	0	0	0	nan	0	0	0	nan	nan	nan	nan	nan	nan
293	C	0	52895	0	nan	532	499	52895	0	66887	0	nan	199	127	66887	0	0	0	nan	0	0	0	nan	nan	nan	nan	nan	nan
294	A	0	52879	0	nan	532	499	52879	0	66883	0	nan	199	127	66883	0	0	0	nan	0	0	0	nan	nan	nan	nan	nan	nan
295	C	0	52867	0	nan	532	499	52867	0	66878	0	nan	199	127	66878	0	0	0	nan	0	0	0	nan	nan	nan	nan	nan	nan
296	U	0	52867	0	nan	532	499	52867	0	66876	0	nan	199	127	66876	0	0	0	nan	0	0	0	nan	nan	nan	nan	nan	nan
297	A	0	52858	0	nan	532	498	52858	0	66873	0	nan	199	127	66873	0	0	0	nan	0	0	0	nan	nan	nan	nan	nan	nan
298	G	0	52828	0	nan	532	498	52828	0	66835	0	nan	199	126	66835	0	0	0	nan	0	0	0	nan	nan	nan	nan	nan	nan
299	U	0	52803	0	nan	532	497	52803	0	66799	0	nan	199	126	66799	0	0	0	nan	0	0	0	nan	nan	nan	nan	nan	nan
300	G	0	52751	0	nan	532	497	52751	0	66748	0	nan	198	126	66748	0	0	0	nan	0	0	0	nan	nan	nan	nan	nan	nan