Nucleotide	Sequence	Modified_mutations	Modified_read_depth	Modified_effective_depth	Modified_rate	Modified_off_target_mapped_depth	Modified_low_mapq_mapped_depth	Modified_primer_pair_1_mapped_depth	Untreated_mutations	Untreated_read_depth	Untreated_effective_depth	Untreated_rate	Untreated_off_target_mapped_depth	Untreated_low_mapq_mapped_depth	Untreated_primer_pair_1_mapped_depth	Denatured_mutations	Denatured_read_depth	Denatured_effective_depth	Denatured_rate	Denatured_off_target_mapped_depth	Denatured_low_mapq_mapped_depth	Denatured_primer_pair_1_mapped_depth	Reactivity_profile	Std_err	HQ_profile	HQ_stderr	Norm_profile	Norm_stderr
1	G	0	22460	0	nan	2274	397	22460	0	46900	0	nan	2059	244	46900	0	0	0	nan	0	0	0	nan	nan	nan	nan	nan	nan
2	C	0	22482	0	nan	2278	397	22482	0	46936	0	nan	2062	245	46936	0	0	0	nan	0	0	0	nan	nan	nan	nan	nan	nan
3	U	0	22499	0	nan	2280	397	22499	0	46954	0	nan	2064	246	46954	0	0	0	nan	0	0	0	nan	nan	nan	nan	nan	nan
4	U	0	22505	0	nan	2281	398	22505	0	46978	0	nan	2065	246	46978	0	0	0	nan	0	0	0	nan	nan	nan	nan	nan	nan
5	C	0	22508	0	nan	2282	398	22508	0	46983	0	nan	2065	246	46983	0	0	0	nan	0	0	0	nan	nan	nan	nan	nan	nan
6	G	0	22509	0	nan	2282	398	22509	0	46983	0	nan	2065	246	46983	0	0	0	nan	0	0	0	nan	nan	nan	nan	nan	nan
7	A	0	22511	0	nan	2283	398	22511	0	46986	0	nan	2065	246	46986	0	0	0	nan	0	0	0	nan	nan	nan	nan	nan	nan
8	U	0	22512	0	nan	2283	398	22512	0	46986	0	nan	2065	246	46986	0	0	0	nan	0	0	0	nan	nan	nan	nan	nan	nan
9	A	0	22513	0	nan	2283	398	22513	0	46987	0	nan	2065	246	46987	0	0	0	nan	0	0	0	nan	nan	nan	nan	nan	nan
10	U	0	22513	0	nan	2284	398	22513	0	46989	0	nan	2065	246	46989	0	0	0	nan	0	0	0	nan	nan	nan	nan	nan	nan
11	C	0	22514	0	nan	2284	398	22514	0	46989	0	nan	2065	246	46989	0	0	0	nan	0	0	0	nan	nan	nan	nan	nan	nan
12	C	0	22514	0	nan	2286	398	22514	0	46989	0	nan	2065	246	46989	0	0	0	nan	0	0	0	nan	nan	nan	nan	nan	nan
13	G	0	22514	0	nan	2286	398	22514	0	46989	0	nan	2065	246	46989	0	0	0	nan	0	0	0	nan	nan	nan	nan	nan	nan
14	C	0	22514	0	nan	2286	398	22514	0	46989	0	nan	2065	246	46989	0	0	0	nan	0	0	0	nan	nan	nan	nan	nan	nan
15	A	0	22514	0	nan	2286	398	22514	0	46990	0	nan	2066	246	46990	0	0	0	nan	0	0	0	nan	nan	nan	nan	nan	nan
16	U	0	22514	0	nan	2286	398	22514	0	46990	0	nan	2066	246	46990	0	0	0	nan	0	0	0	nan	nan	nan	nan	nan	nan
17	G	0	22516	0	nan	2288	398	22516	0	46990	0	nan	2067	246	46990	0	0	0	nan	0	0	0	nan	nan	nan	nan	nan	nan
18	C	0	22516	0	nan	2288	398	22516	0	46990	0	nan	2067	246	46990	0	0	0	nan	0	0	0	nan	nan	nan	nan	nan	nan
19	U	10	22516	21004	0.000476	2288	398	22516	12	46990	44854	0.000268	2067	246	46990	0	0	0	nan	0	0	0	0.000209	0.000169	0.000209	0.000169	0.029666	0.023989
20	A	123	22516	19934	0.006170	2289	398	22516	49	46990	44264	0.001107	2069	246	46990	0	0	0	nan	0	0	0	0.005063	0.000578	0.005063	0.000578	0.718662	0.082044
21	A	287	22516	19757	0.014526	2289	398	22516	75	46990	43784	0.001713	2069	246	46990	0	0	0	nan	0	0	0	0.012814	0.000880	0.012814	0.000880	1.818869	0.124911
22	U	261	22516	19690	0.013255	2289	398	22516	62	46990	43511	0.001425	2071	246	46990	0	0	0	nan	0	0	0	0.011831	0.000840	0.011831	0.000840	1.679338	0.119233
23	U	81	22516	20442	0.003962	2289	398	22516	135	46990	44196	0.003055	2071	246	46990	0	0	0	nan	0	0	0	0.000908	0.000513	0.000908	0.000513	0.128885	0.072817
24	C	156	22516	20766	0.007512	2290	398	22513	51	46990	44534	0.001145	2071	246	46989	0	0	0	nan	0	0	0	0.006367	0.000622	0.006367	0.000622	0.903757	0.088289
25	U	103	22516	20993	0.004906	2291	398	22511	183	46988	44994	0.004067	2070	246	46982	0	0	0	nan	0	0	0	0.000839	0.000569	0.000839	0.000569	0.119091	0.080766
26	C	39	22510	21199	0.001840	2291	397	22416	66	46982	45366	0.001455	2072	246	46873	0	0	0	nan	0	0	0	0.000385	0.000345	0.000385	0.000345	0.054648	0.048971
27	U	161	22509	21189	0.007598	2292	397	22361	37	46975	45446	0.000814	2072	246	46809	0	0	0	nan	0	0	0	0.006784	0.000614	0.006784	0.000614	0.962947	0.087154
28	G	221	22501	20024	0.011037	2272	396	22280	190	46970	43728	0.004345	2069	247	46726	0	0	0	nan	0	0	0	0.006692	0.000807	0.006692	0.000807	0.949888	0.114549
29	C	100	22500	19120	0.005230	2270	396	22201	164	46961	42227	0.003884	2071	247	46645	0	0	0	nan	0	0	0	0.001346	0.000605	0.001346	0.000605	0.191056	0.085876
30	C	64	22500	18728	0.003417	2260	388	22151	42	46955	41670	0.001008	2070	242	46571	0	0	0	nan	0	0	0	0.002409	0.000455	0.002409	0.000455	0.341943	0.064584
31	C	72	22493	19228	0.003745	2248	368	22047	63	46947	42495	0.001483	2069	232	46432	0	0	0	nan	0	0	0	0.002262	0.000479	0.002262	0.000479	0.321077	0.067991
32	U	264	22488	19833	0.013311	2171	244	21969	107	46940	43612	0.002453	2058	169	46335	0	0	0	nan	0	0	0	0.010858	0.000853	0.010858	0.000853	1.541227	0.121078
33	G	359	22480	20134	0.017831	2149	239	21848	234	46936	43795	0.005343	2058	166	46158	0	0	0	nan	0	0	0	0.012487	0.001004	0.012487	0.001004	1.772453	0.142512
34	G	143	22478	19763	0.007236	2148	238	21699	78	46931	43003	0.001814	2058	167	45941	0	0	0	nan	0	0	0	0.005422	0.000639	0.005422	0.000639	0.769620	0.090702
35	G	120	22476	19647	0.006108	2149	238	21635	191	46927	42732	0.004470	2057	167	45870	0	0	0	nan	0	0	0	0.001638	0.000645	0.001638	0.000645	0.232504	0.091554
36	G	78	22475	19362	0.004029	2151	238	21594	116	46924	42435	0.002734	2060	167	45792	0	0	0	nan	0	0	0	0.001295	0.000522	0.001295	0.000522	0.183817	0.074095
37	G	251	22472	19067	0.013164	2151	238	21565	430	46920	41916	0.010259	2061	167	45758	0	0	0	nan	0	0	0	0.002905	0.000967	0.002905	0.000967	0.412347	0.137260
38	C	115	22470	18984	0.006058	2152	238	21538	203	46918	42026	0.004830	2062	167	45740	0	0	0	nan	0	0	0	0.001227	0.000659	0.001227	0.000659	0.174165	0.093541
39	U	216	22469	19347	0.011165	2155	238	21523	65	46918	42388	0.001533	2062	167	45719	0	0	0	nan	0	0	0	0.009631	0.000783	0.009631	0.000783	1.367061	0.111142
40	G	254	22467	20195	0.012577	2155	238	21495	212	46915	43877	0.004832	2063	167	45673	0	0	0	nan	0	0	0	0.007746	0.000856	0.007746	0.000856	1.099497	0.121504
41	G	130	22463	20135	0.006456	2156	238	21452	131	46910	43750	0.002994	2063	167	45608	0	0	0	nan	0	0	0	0.003462	0.000624	0.003462	0.000624	0.491410	0.088573
42	G	136	22461	19243	0.007068	2155	238	21403	270	46904	42400	0.006368	2063	167	45525	0	0	0	nan	0	0	0	0.000700	0.000719	0.000700	0.000719	0.099361	0.102058
43	C	51	22458	18634	0.002737	2156	237	21328	66	46895	41563	0.001588	2062	165	45393	0	0	0	nan	0	0	0	0.001149	0.000430	0.001149	0.000430	0.163094	0.061036
44	U	275	22458	18683	0.014719	2156	236	21319	286	46893	41573	0.006879	2063	165	45383	0	0	0	nan	0	0	0	0.007840	0.000976	0.007840	0.000976	1.112840	0.138537
45	C	72	22463	19236	0.003743	2156	236	21313	71	46892	42334	0.001677	2063	165	45368	0	0	0	nan	0	0	0	0.002066	0.000484	0.002066	0.000484	0.293256	0.068701
46	C	207	22462	19603	0.010560	2156	236	21308	436	46889	42808	0.010185	2063	165	45349	0	0	0	nan	0	0	0	0.000375	0.000881	0.000375	0.000881	0.053229	0.125053
47	U	164	22463	19457	0.008429	2156	235	21304	101	46889	43179	0.002339	2063	165	45347	0	0	0	nan	0	0	0	0.006090	0.000698	0.006090	0.000698	0.864438	0.099077
48	U	156	22462	19010	0.008206	2157	230	21301	32	46890	42542	0.000752	2063	164	45344	0	0	0	nan	0	0	0	0.007454	0.000670	0.007454	0.000670	1.058050	0.095102
49	A	571	22462	19403	0.029428	2159	226	21288	71	46891	42606	0.001666	2063	164	45326	0	0	0	nan	0	0	0	0.027762	0.001247	0.027762	0.001247	3.940646	0.177004
50	U	225	22462	19480	0.011550	2157	226	21284	68	46890	42629	0.001595	2064	164	45315	0	0	0	nan	0	0	0	0.009955	0.000794	0.009955	0.000794	1.413051	0.112703
51	U	286	22463	19810	0.014437	2158	226	21273	33	46888	43264	0.000763	2064	164	45297	0	0	0	nan	0	0	0	0.013674	0.000864	0.013674	0.000864	1.940940	0.122640
52	G	220	22470	19622	0.011212	2159	225	21250	141	46887	43073	0.003274	2064	164	45252	0	0	0	nan	0	0	0	0.007938	0.000805	0.007938	0.000805	1.126750	0.114265
53	C	156	22497	19663	0.007934	2159	223	21275	89	46887	42843	0.002077	2065	163	45225	0	0	0	nan	0	0	0	0.005856	0.000672	0.005856	0.000672	0.831223	0.095386
54	U	19	22496	19734	0.000963	2158	222	21254	45	46884	42764	0.001052	2065	160	45183	0	0	0	nan	0	0	0	-0.000089	0.000271	-0.000089	0.000271	-0.012633	0.038467
55	G	112	22691	20261	0.005528	2162	219	21519	183	46925	43216	0.004235	2066	160	45224	0	0	0	nan	0	0	0	0.001293	0.000609	0.001293	0.000609	0.183533	0.086444
56	C	77	23108	20556	0.003746	2162	138	22133	209	47514	43681	0.004785	2066	97	46132	0	0	0	nan	0	0	0	-0.001039	0.000540	-0.001039	0.000540	-0.147480	0.076650
57	U	101	23111	20746	0.004868	2160	135	22120	35	47512	44063	0.000794	2066	97	46105	0	0	0	nan	0	0	0	0.004074	0.000503	0.004074	0.000503	0.578279	0.071398
58	U	51	23233	21001	0.002428	2161	132	22296	18	47640	44308	0.000406	2066	95	46291	0	0	0	nan	0	0	0	0.002022	0.000353	0.002022	0.000353	0.287010	0.050106
59	A	56	23235	21419	0.002615	2161	132	22305	25	47641	44922	0.000557	2066	94	46286	0	0	0	nan	0	0	0	0.002058	0.000367	0.002058	0.000367	0.292120	0.052093
60	G	80	23236	21485	0.003724	2161	132	22301	74	47641	45092	0.001641	2066	93	46276	0	0	0	nan	0	0	0	0.002082	0.000458	0.002082	0.000458	0.295527	0.065010
61	G	244	23239	21409	0.011397	2161	132	22301	418	47641	45004	0.009288	2066	93	46271	0	0	0	nan	0	0	0	0.002109	0.000859	0.002109	0.000859	0.299360	0.121930
62	C	48	23243	21355	0.002248	2161	132	22304	90	47641	44881	0.002005	2066	93	46269	0	0	0	nan	0	0	0	0.000242	0.000387	0.000242	0.000387	0.034350	0.054932
63	C	26	23244	21516	0.001208	2163	132	22300	73	47641	45099	0.001619	2066	92	46265	0	0	0	nan	0	0	0	-0.000410	0.000303	-0.000410	0.000303	-0.058197	0.043009
64	U	26	23245	21544	0.001207	2162	131	22299	45	47644	45159	0.000996	2065	90	46263	0	0	0	nan	0	0	0	0.000210	0.000279	0.000210	0.000279	0.029808	0.039602
65	A	61	23245	21627	0.002821	2162	116	22297	49	47645	45487	0.001077	2063	80	46251	0	0	0	nan	0	0	0	0.001743	0.000393	0.001743	0.000393	0.247408	0.055784
66	G	339	23246	21567	0.015718	2162	114	22299	134	47645	45096	0.002971	2064	79	46246	0	0	0	nan	0	0	0	0.012747	0.000891	0.012747	0.000891	1.809358	0.126472
67	A	93	23243	21468	0.004332	2162	112	22283	82	47640	44929	0.001825	2063	78	46210	0	0	0	nan	0	0	0	0.002507	0.000492	0.002507	0.000492	0.355853	0.069836
68	A	128	23245	21400	0.005981	2159	87	22279	41	47640	44600	0.000919	2062	56	46192	0	0	0	nan	0	0	0	0.005062	0.000548	0.005062	0.000548	0.718520	0.077785
69	A	19	23246	21415	0.000887	2158	86	22278	29	47640	44606	0.000650	2062	56	46188	0	0	0	nan	0	0	0	0.000237	0.000237	0.000237	0.000237	0.033641	0.033641
70	G	312	23247	21271	0.014668	2156	86	22281	548	47640	44464	0.012325	2061	56	46184	0	0	0	nan	0	0	0	0.002343	0.000983	0.002343	0.000983	0.332574	0.139531
71	U	114	23248	21270	0.005360	2157	86	22282	138	47641	44669	0.003089	2061	56	46181	0	0	0	nan	0	0	0	0.002270	0.000567	0.002270	0.000567	0.322213	0.080482
72	U	42	23248	21453	0.001958	2157	86	22283	21	47641	44999	0.000467	2060	56	46179	0	0	0	nan	0	0	0	0.001491	0.000319	0.001491	0.000319	0.211638	0.045280
73	U	19	23249	21456	0.000886	2155	86	22287	21	47642	44923	0.000467	2060	56	46181	0	0	0	nan	0	0	0	0.000418	0.000227	0.000418	0.000227	0.059333	0.032221
74	A	39	23251	21445	0.001819	2154	86	22289	38	47641	44850	0.000847	2059	56	46184	0	0	0	nan	0	0	0	0.000971	0.000322	0.000971	0.000322	0.137827	0.045706
75	A	28	23251	21474	0.001304	2154	85	22290	50	47641	44885	0.001114	2059	56	46182	0	0	0	nan	0	0	0	0.000190	0.000292	0.000190	0.000292	0.026969	0.041448
76	G	44	23249	21496	0.002047	2154	85	22287	44	47644	44948	0.000979	2059	56	46188	0	0	0	nan	0	0	0	0.001068	0.000342	0.001068	0.000342	0.151596	0.048545
77	U	36	23249	21601	0.001667	2153	83	22289	56	47644	45220	0.001238	2059	53	46187	0	0	0	nan	0	0	0	0.000428	0.000323	0.000428	0.000323	0.060752	0.045848
78	A	118	23250	21534	0.005480	2151	83	22290	38	47644	45122	0.000842	2059	52	46187	0	0	0	nan	0	0	0	0.004638	0.000523	0.004638	0.000523	0.658336	0.074237
79	U	198	23251	21645	0.009148	2151	77	22292	79	47644	45388	0.001741	2059	51	46187	0	0	0	nan	0	0	0	0.007407	0.000679	0.007407	0.000679	1.051378	0.096380
80	G	159	23253	21630	0.007351	2154	77	22295	60	47645	45298	0.001325	2059	51	46189	0	0	0	nan	0	0	0	0.006026	0.000608	0.006026	0.000608	0.855354	0.086302
81	U	79	23255	21605	0.003657	2153	77	22291	75	47645	45264	0.001657	2059	51	46188	0	0	0	nan	0	0	0	0.002000	0.000454	0.002000	0.000454	0.283888	0.064443
82	G	226	23256	21547	0.010489	2152	76	22283	230	47646	45209	0.005087	2060	50	46179	0	0	0	nan	0	0	0	0.005401	0.000774	0.005401	0.000774	0.766639	0.109865
83	G	57	23258	21395	0.002664	2151	76	22280	56	47647	45190	0.001239	2060	50	46162	0	0	0	nan	0	0	0	0.001425	0.000390	0.001425	0.000390	0.202270	0.055358
84	A	90	23256	21351	0.004215	2147	73	22274	35	47648	45087	0.000776	2059	50	46155	0	0	0	nan	0	0	0	0.003439	0.000463	0.003439	0.000463	0.488145	0.065720
85	A	170	23256	21392	0.007947	2147	73	22267	32	47644	44959	0.000712	2059	51	46136	0	0	0	nan	0	0	0	0.007235	0.000622	0.007235	0.000622	1.026964	0.088289
86	G	105	23256	21417	0.004903	2147	73	22260	34	47641	44852	0.000758	2059	51	46115	0	0	0	nan	0	0	0	0.004145	0.000496	0.004145	0.000496	0.588357	0.070404
87	A	51	23256	21549	0.002367	2147	70	22251	52	47641	45032	0.001155	2059	50	46101	0	0	0	nan	0	0	0	0.001212	0.000368	0.001212	0.000368	0.172036	0.052235
88	G	110	23255	21527	0.005110	2148	69	22246	110	47640	45069	0.002441	2059	50	46092	0	0	0	nan	0	0	0	0.002669	0.000540	0.002669	0.000540	0.378848	0.076650
89	G	31	23254	21417	0.001447	2146	68	22234	43	47639	44907	0.000958	2057	49	46075	0	0	0	nan	0	0	0	0.000490	0.000298	0.000490	0.000298	0.069552	0.042299
90	A	87	23254	21362	0.004073	2145	69	22217	58	47638	44728	0.001297	2057	49	46046	0	0	0	nan	0	0	0	0.002776	0.000469	0.002776	0.000469	0.394036	0.066572
91	G	23	23255	21264	0.001082	2144	69	22214	48	47637	44484	0.001079	2056	49	46036	0	0	0	nan	0	0	0	0.000003	0.000274	0.000003	0.000274	0.000426	0.038893
92	A	48	23254	21380	0.002245	2145	53	22207	76	47637	44746	0.001698	2055	41	46028	0	0	0	nan	0	0	0	0.000547	0.000378	0.000547	0.000378	0.077643	0.053655
93	G	144	23257	21326	0.006752	2144	53	22209	72	47637	44634	0.001613	2055	41	46028	0	0	0	nan	0	0	0	0.005139	0.000594	0.005139	0.000594	0.729450	0.084315
94	U	125	23257	21481	0.005819	2142	53	22208	78	47637	44859	0.001739	2055	40	46024	0	0	0	nan	0	0	0	0.004080	0.000556	0.004080	0.000556	0.579131	0.078921
95	G	79	23259	21069	0.003750	2141	33	22211	73	47639	44043	0.001657	2055	32	46023	0	0	0	nan	0	0	0	0.002092	0.000464	0.002092	0.000464	0.296947	0.065862
96	A	53	23258	21084	0.002514	2141	33	22209	62	47639	44126	0.001405	2055	32	46022	0	0	0	nan	0	0	0	0.001109	0.000389	0.001109	0.000389	0.157416	0.055216
97	G	118	23259	20862	0.005656	2141	33	22211	207	47641	43916	0.004714	2055	32	46024	0	0	0	nan	0	0	0	0.000943	0.000615	0.000943	0.000615	0.133853	0.087295
98	U	54	23259	21265	0.002539	2139	32	22210	99	47642	44827	0.002208	2053	33	46024	0	0	0	nan	0	0	0	0.000331	0.000411	0.000331	0.000411	0.046983	0.058339
99	U	180	23262	21418	0.008404	2137	32	22213	60	47645	44819	0.001339	2052	30	46030	0	0	0	nan	0	0	0	0.007065	0.000650	0.007065	0.000650	1.002833	0.092264
100	G	158	23263	21592	0.007318	2108	32	22211	75	47649	45123	0.001662	2037	30	46038	0	0	0	nan	0	0	0	0.005655	0.000613	0.005655	0.000613	0.802693	0.087012
101	U	35	23263	21612	0.001619	2103	31	22212	41	47649	45231	0.000906	2031	29	46037	0	0	0	nan	0	0	0	0.000713	0.000308	0.000713	0.000308	0.101206	0.043719
102	A	57	23263	21490	0.002652	2089	29	22212	57	47649	45189	0.001261	2020	28	46041	0	0	0	nan	0	0	0	0.001391	0.000389	0.001391	0.000389	0.197444	0.055216
103	A	55	23263	21429	0.002567	2087	28	22213	35	47650	45094	0.000776	2018	27	46047	0	0	0	nan	0	0	0	0.001790	0.000370	0.001790	0.000370	0.254080	0.052519
104	G	126	23263	21231	0.005935	2087	28	22213	230	47650	44775	0.005137	2017	27	46048	0	0	0	nan	0	0	0	0.000798	0.000628	0.000798	0.000628	0.113271	0.089141
105	U	71	23263	21254	0.003341	2055	17	22214	52	47650	44789	0.001161	1987	16	46048	0	0	0	nan	0	0	0	0.002180	0.000428	0.002180	0.000428	0.309438	0.060752
106	U	281	23264	21331	0.013173	2038	17	22218	37	47653	44880	0.000824	1981	15	46053	0	0	0	nan	0	0	0	0.012349	0.000797	0.012349	0.000797	1.752865	0.113129
107	A	34	23266	21454	0.001585	1760	15	22220	35	47658	45276	0.000773	1732	14	46067	0	0	0	nan	0	0	0	0.000812	0.000302	0.000812	0.000302	0.115258	0.042867
108	G	154	23266	21659	0.007110	1746	14	22222	51	47661	45455	0.001122	1711	13	46073	0	0	0	nan	0	0	0	0.005988	0.000594	0.005988	0.000594	0.849960	0.084315
109	A	62	23272	21527	0.002880	1719	12	22231	39	47666	45419	0.000859	1688	13	46085	0	0	0	nan	0	0	0	0.002021	0.000391	0.002021	0.000391	0.286869	0.055500
110	U	155	23273	21507	0.007207	1714	9	22233	26	47667	45300	0.000574	1683	10	46085	0	0	0	nan	0	0	0	0.006633	0.000590	0.006633	0.000590	0.941514	0.083747
111	A	124	23272	21464	0.005777	1318	9	22233	45	47664	45048	0.000999	1299	9	46078	0	0	0	nan	0	0	0	0.004778	0.000540	0.004778	0.000540	0.678208	0.076650
112	A	57	23272	21505	0.002651	1288	9	22233	37	47666	45105	0.000820	1279	9	46077	0	0	0	nan	0	0	0	0.001830	0.000376	0.001830	0.000376	0.259757	0.053371
113	G	415	23271	21292	0.019491	1268	9	22233	473	47666	45092	0.010490	1265	9	46078	0	0	0	nan	0	0	0	0.009001	0.001071	0.009001	0.001071	1.277637	0.152022
114	G	223	23272	21239	0.010500	1059	2	22232	82	47667	45019	0.001821	1112	5	46073	0	0	0	nan	0	0	0	0.008678	0.000731	0.008678	0.000731	1.231789	0.103761
115	U	216	23271	21233	0.010173	1006	2	22222	48	47667	44862	0.001070	1042	5	46066	0	0	0	nan	0	0	0	0.009103	0.000709	0.009103	0.000709	1.292115	0.100638
116	G	273	23271	21136	0.012916	902	2	22212	39	47664	44503	0.000876	973	5	46053	0	0	0	nan	0	0	0	0.012040	0.000794	0.012040	0.000794	1.709004	0.112703
117	A	67	23270	21169	0.003165	899	2	22203	51	47660	44491	0.001146	972	5	46033	0	0	0	nan	0	0	0	0.002019	0.000419	0.002019	0.000419	0.286585	0.059474
118	A	110	23271	21223	0.005183	894	2	22191	36	47660	44532	0.000808	972	5	46003	0	0	0	nan	0	0	0	0.004375	0.000512	0.004375	0.000512	0.621004	0.072675
119	G	186	23271	21377	0.008701	895	2	22183	224	47660	44961	0.004982	972	5	45992	0	0	0	nan	0	0	0	0.003719	0.000720	0.003719	0.000720	0.527889	0.102200
120	G	111	23270	21398	0.005187	882	2	22174	155	47658	44969	0.003447	967	5	45983	0	0	0	nan	0	0	0	0.001741	0.000565	0.001741	0.000565	0.247124	0.080198
121	G	352	23269	21211	0.016595	876	2	22171	805	47658	44761	0.017984	965	5	45979	0	0	0	nan	0	0	0	-0.001389	0.001088	-0.001389	0.001088	-0.197160	0.154435
122	A	74	23269	21141	0.003500	868	2	22170	44	47659	44694	0.000984	961	5	45972	0	0	0	nan	0	0	0	0.002516	0.000433	0.002516	0.000433	0.357131	0.061462
123	A	63	23270	21200	0.002972	861	2	22169	31	47659	44772	0.000692	958	5	45967	0	0	0	nan	0	0	0	0.002279	0.000395	0.002279	0.000395	0.323490	0.056068
124	U	88	23271	21312	0.004129	858	2	22169	31	47659	44994	0.000689	957	5	45969	0	0	0	nan	0	0	0	0.003440	0.000457	0.003440	0.000457	0.488287	0.064868
125	G	98	23271	21426	0.004574	850	2	22172	94	47658	45060	0.002086	953	5	45966	0	0	0	nan	0	0	0	0.002488	0.000510	0.002488	0.000510	0.353156	0.072391
126	G	71	23272	21174	0.003353	846	2	22174	42	47660	44828	0.000937	950	5	45955	0	0	0	nan	0	0	0	0.002416	0.000423	0.002416	0.000423	0.342936	0.060042
127	A	334	23273	21323	0.015664	839	2	22168	70	47659	44855	0.001561	945	5	45948	0	0	0	nan	0	0	0	0.014103	0.000877	0.014103	0.000877	2.001834	0.124485
128	G	211	23276	21211	0.009948	830	2	22172	275	47660	44700	0.006152	936	5	45946	0	0	0	nan	0	0	0	0.003796	0.000779	0.003796	0.000779	0.538819	0.110574
129	G	117	23275	21225	0.005512	760	2	22170	159	47661	44727	0.003555	849	5	45941	0	0	0	nan	0	0	0	0.001957	0.000582	0.001957	0.000582	0.277784	0.082611
130	G	892	23276	21294	0.041890	746	2	22162	1547	47660	44878	0.034471	839	5	45925	0	0	0	nan	0	0	0	0.007419	0.001654	0.007419	0.001654	1.053082	0.234775
131	A	67	23276	20967	0.003195	747	2	22162	63	47663	44760	0.001408	834	5	45928	0	0	0	nan	0	0	0	0.001788	0.000429	0.001788	0.000429	0.253796	0.060894
132	A	346	23279	21209	0.016314	737	2	22165	32	47667	44787	0.000714	825	5	45930	0	0	0	nan	0	0	0	0.015599	0.000886	0.015599	0.000886	2.214182	0.125762
133	A	35	23281	20926	0.001673	735	2	22167	27	47667	44392	0.000608	822	5	45932	0	0	0	nan	0	0	0	0.001064	0.000306	0.001064	0.000306	0.151028	0.043435
134	C	41	23280	20916	0.001960	737	2	22160	42	47668	44465	0.000945	822	5	45936	0	0	0	nan	0	0	0	0.001016	0.000339	0.001016	0.000339	0.144215	0.048119
135	A	49	23283	21089	0.002323	740	2	22165	70	47668	44572	0.001570	820	5	45945	0	0	0	nan	0	0	0	0.000753	0.000381	0.000753	0.000381	0.106884	0.054081
136	G	131	23285	21283	0.006155	720	2	22161	115	47670	44997	0.002556	794	5	45946	0	0	0	nan	0	0	0	0.003599	0.000588	0.003599	0.000588	0.510856	0.083463
137	G	273	23285	20998	0.013001	721	2	22156	461	47673	44555	0.010347	791	5	45947	0	0	0	nan	0	0	0	0.002654	0.000923	0.002654	0.000923	0.376719	0.131014
138	C	56	23286	20979	0.002669	726	3	22153	82	47672	44557	0.001840	795	5	45934	0	0	0	nan	0	0	0	0.000829	0.000411	0.000829	0.000411	0.117671	0.058339
139	A	104	23286	20946	0.004965	680	3	22151	37	47672	44566	0.000830	733	5	45933	0	0	0	nan	0	0	0	0.004135	0.000506	0.004135	0.000506	0.586938	0.071824
140	G	272	23290	21144	0.012864	634	3	22155	245	47675	44690	0.005482	692	5	45931	0	0	0	nan	0	0	0	0.007382	0.000855	0.007382	0.000855	1.047830	0.121362
141	C	53	23293	21058	0.002517	638	3	22160	96	47677	44534	0.002156	700	5	45927	0	0	0	nan	0	0	0	0.000361	0.000410	0.000361	0.000410	0.051242	0.058197
142	C	42	23299	20977	0.002002	642	3	22174	72	47681	44367	0.001623	693	5	45942	0	0	0	nan	0	0	0	0.000379	0.000363	0.000379	0.000363	0.053797	0.051526
143	U	97	23312	20980	0.004623	476	3	22196	56	47688	44504	0.001258	509	5	45967	0	0	0	nan	0	0	0	0.003365	0.000499	0.003365	0.000499	0.477641	0.070830
144	A	111	23320	21195	0.005237	331	3	22211	49	47694	44773	0.001094	289	5	45992	0	0	0	nan	0	0	0	0.004143	0.000521	0.004143	0.000521	0.588073	0.073953
145	G	158	23324	21318	0.007412	325	3	22216	67	47699	44945	0.001491	290	5	46017	0	0	0	nan	0	0	0	0.005921	0.000617	0.005921	0.000617	0.840450	0.087579
146	U	372	23331	21423	0.017365	333	3	22219	114	47707	45095	0.002528	291	5	46041	0	0	0	nan	0	0	0	0.014837	0.000931	0.014837	0.000931	2.106021	0.132150
147	G	262	23333	21195	0.012361	322	3	22224	223	47707	44907	0.004966	285	5	46051	0	0	0	nan	0	0	0	0.007396	0.000833	0.007396	0.000833	1.049817	0.118239
148	G	341	23330	21173	0.016105	310	3	22208	151	47708	44889	0.003364	260	4	46043	0	0	0	nan	0	0	0	0.012742	0.000914	0.012742	0.000914	1.808649	0.129737
149	G	193	23330	21022	0.009181	302	3	22197	237	47708	44635	0.005310	248	4	46029	0	0	0	nan	0	0	0	0.003871	0.000745	0.003871	0.000745	0.549465	0.105748
150	G	88	23330	20876	0.004215	298	3	22183	115	47710	44606	0.002578	248	3	46027	0	0	0	nan	0	0	0	0.001637	0.000510	0.001637	0.000510	0.232362	0.072391
151	G	175	23331	20702	0.008453	302	3	22173	281	47710	44436	0.006324	247	3	46007	0	0	0	nan	0	0	0	0.002130	0.000742	0.002130	0.000742	0.302340	0.105322
152	C	120	23339	20824	0.005763	538	3	22183	213	47712	44415	0.004796	374	3	45981	0	0	0	nan	0	0	0	0.000967	0.000620	0.000967	0.000620	0.137260	0.088005
153	C	39	23346	21031	0.001854	535	3	22217	81	47720	44502	0.001820	371	3	46003	0	0	0	nan	0	0	0	0.000034	0.000359	0.000034	0.000359	0.004826	0.050958
154	G	381	23366	21524	0.017701	527	3	22283	656	47741	45028	0.014569	348	3	46082	0	0	0	nan	0	0	0	0.003132	0.001070	0.003132	0.001070	0.444568	0.151880
155	C	31	23372	21683	0.001430	528	3	22317	52	47750	45285	0.001148	348	3	46130	0	0	0	nan	0	0	0	0.000281	0.000302	0.000281	0.000302	0.039886	0.042867
156	A	38	23374	21639	0.001756	516	3	22334	50	47755	45388	0.001102	336	2	46153	0	0	0	nan	0	0	0	0.000654	0.000325	0.000654	0.000325	0.092831	0.046132
157	G	176	23376	21759	0.008089	508	2	22344	49	47762	45399	0.001079	328	2	46178	0	0	0	nan	0	0	0	0.007009	0.000629	0.007009	0.000629	0.994885	0.089283
158	A	92	23378	21679	0.004244	506	2	22349	36	47760	45317	0.000794	324	3	46181	0	0	0	nan	0	0	0	0.003449	0.000462	0.003449	0.000462	0.489564	0.065578
159	U	197	23379	21633	0.009106	501	2	22347	49	47760	45252	0.001083	312	3	46172	0	0	0	nan	0	0	0	0.008024	0.000667	0.008024	0.000667	1.138958	0.094677
160	G	144	23378	21565	0.006677	507	2	22345	171	47758	45168	0.003786	313	3	46158	0	0	0	nan	0	0	0	0.002892	0.000627	0.002892	0.000627	0.410502	0.088999
161	G	136	23380	21612	0.006293	507	2	22336	69	47759	45041	0.001532	313	3	46132	0	0	0	nan	0	0	0	0.004761	0.000570	0.004761	0.000570	0.675795	0.080908
162	G	121	23380	21531	0.005620	502	2	22326	147	47759	44880	0.003275	311	3	46114	0	0	0	nan	0	0	0	0.002344	0.000578	0.002344	0.000578	0.332716	0.082044
163	G	66	23380	21237	0.003108	497	2	22318	61	47757	44623	0.001367	306	3	46099	0	0	0	nan	0	0	0	0.001741	0.000421	0.001741	0.000421	0.247124	0.059758
164	A	49	23379	21008	0.002332	499	2	22314	45	47757	44434	0.001013	302	3	46091	0	0	0	nan	0	0	0	0.001320	0.000366	0.001320	0.000366	0.187366	0.051951
165	C	40	23379	21013	0.001904	501	2	22319	51	47756	44475	0.001147	301	3	46078	0	0	0	nan	0	0	0	0.000757	0.000341	0.000757	0.000341	0.107452	0.048403
166	A	63	23380	21182	0.002974	500	2	22319	33	47757	44629	0.000739	299	3	46082	0	0	0	nan	0	0	0	0.002235	0.000396	0.002235	0.000396	0.317245	0.056210
167	G	260	23386	21244	0.012239	496	2	22326	299	47758	44900	0.006659	298	3	46089	0	0	0	nan	0	0	0	0.005580	0.000851	0.005580	0.000851	0.792047	0.120794
168	G	199	23389	20999	0.009477	500	2	22329	149	47758	44658	0.003336	297	3	46093	0	0	0	nan	0	0	0	0.006140	0.000725	0.006140	0.000725	0.871535	0.102909
169	U	236	23391	20997	0.011240	537	2	22337	83	47760	44511	0.001865	310	3	46089	0	0	0	nan	0	0	0	0.009375	0.000760	0.009375	0.000760	1.330724	0.107877
170	G	172	23391	20988	0.008195	543	2	22344	232	47760	44578	0.005204	313	3	46089	0	0	0	nan	0	0	0	0.002991	0.000712	0.002991	0.000712	0.424554	0.101064
171	G	140	23392	21139	0.006623	544	3	22348	168	47765	44642	0.003763	313	4	46095	0	0	0	nan	0	0	0	0.002860	0.000631	0.002860	0.000631	0.405959	0.089567
172	G	506	23393	20969	0.024131	544	2	22349	861	47762	44187	0.019485	313	4	46094	0	0	0	nan	0	0	0	0.004645	0.001262	0.004645	0.001262	0.659329	0.179133
173	U	48	23396	21034	0.002282	548	2	22351	54	47761	44332	0.001218	320	4	46090	0	0	0	nan	0	0	0	0.001064	0.000369	0.001064	0.000369	0.151028	0.052377
174	U	109	23398	21234	0.005133	549	2	22356	51	47761	44615	0.001143	321	4	46091	0	0	0	nan	0	0	0	0.003990	0.000517	0.003990	0.000517	0.566356	0.073385
175	G	159	23403	21366	0.007442	550	2	22365	43	47765	45083	0.000954	321	4	46095	0	0	0	nan	0	0	0	0.006488	0.000608	0.006488	0.000608	0.920932	0.086302
176	A	178	23404	21590	0.008245	549	2	22369	46	47767	45165	0.001018	320	4	46092	0	0	0	nan	0	0	0	0.007226	0.000636	0.007226	0.000636	1.025686	0.090276
177	G	55	23405	21558	0.002551	549	2	22371	44	47772	45055	0.000977	320	4	46095	0	0	0	nan	0	0	0	0.001575	0.000374	0.001575	0.000374	0.223562	0.053087
178	A	216	23406	21658	0.009973	550	3	22373	35	47772	45153	0.000775	323	4	46088	0	0	0	nan	0	0	0	0.009198	0.000691	0.009198	0.000691	1.305600	0.098083
179	A	43	23406	21661	0.001985	550	3	22373	36	47773	45129	0.000798	323	4	46088	0	0	0	nan	0	0	0	0.001187	0.000331	0.001187	0.000331	0.168487	0.046983
180	G	127	23406	21517	0.005902	550	3	22372	59	47773	44976	0.001312	324	4	46089	0	0	0	nan	0	0	0	0.004590	0.000551	0.004590	0.000551	0.651522	0.078211
181	U	195	23405	21483	0.009077	561	3	22368	71	47773	44971	0.001579	329	4	46089	0	0	0	nan	0	0	0	0.007498	0.000676	0.007498	0.000676	1.064295	0.095954
182	A	42	23405	21398	0.001963	562	3	22369	30	47774	44898	0.000668	329	4	46090	0	0	0	nan	0	0	0	0.001295	0.000327	0.001295	0.000327	0.183817	0.046416
183	G	204	23404	21439	0.009515	569	3	22367	266	47775	44923	0.005921	329	4	46089	0	0	0	nan	0	0	0	0.003594	0.000759	0.003594	0.000759	0.510146	0.107735
184	C	37	23404	21454	0.001725	578	3	22367	49	47775	45053	0.001088	338	4	46084	0	0	0	nan	0	0	0	0.000637	0.000323	0.000637	0.000323	0.090418	0.045848
185	A	116	23403	21448	0.005408	571	3	22363	54	47774	44922	0.001202	337	4	46085	0	0	0	nan	0	0	0	0.004206	0.000528	0.004206	0.000528	0.597016	0.074946
186	G	158	23403	21373	0.007393	639	3	22365	140	47773	44893	0.003119	375	3	46072	0	0	0	nan	0	0	0	0.004274	0.000644	0.004274	0.000644	0.606668	0.091412
187	G	140	23404	21316	0.006568	639	3	22370	121	47775	44790	0.002701	374	3	46074	0	0	0	nan	0	0	0	0.003866	0.000607	0.003866	0.000607	0.548755	0.086160
188	G	97	23408	21305	0.004553	647	3	22386	129	47779	44748	0.002883	376	3	46092	0	0	0	nan	0	0	0	0.001670	0.000527	0.001670	0.000527	0.237046	0.074804
189	A	69	23408	21417	0.003222	650	3	22383	35	47779	44836	0.000781	383	3	46080	0	0	0	nan	0	0	0	0.002441	0.000410	0.002441	0.000410	0.346485	0.058197
190	G	259	23411	21336	0.012139	661	3	22383	327	47780	44660	0.007322	391	4	46078	0	0	0	nan	0	0	0	0.004817	0.000856	0.004817	0.000856	0.683744	0.121504
191	C	64	23413	21422	0.002988	678	4	22382	90	47781	44768	0.002010	402	4	46071	0	0	0	nan	0	0	0	0.000977	0.000429	0.000977	0.000429	0.138679	0.060894
192	A	100	23413	21504	0.004650	685	4	22391	81	47783	44850	0.001806	405	4	46075	0	0	0	nan	0	0	0	0.002844	0.000506	0.002844	0.000506	0.403688	0.071824
193	G	170	23415	21610	0.007867	815	5	22398	239	47784	45051	0.005305	427	4	46085	0	0	0	nan	0	0	0	0.002562	0.000694	0.002562	0.000694	0.363660	0.098509
194	G	127	23420	21568	0.005888	826	5	22413	188	47792	44982	0.004179	429	4	46104	0	0	0	nan	0	0	0	0.001709	0.000605	0.001709	0.000605	0.242582	0.085876
195	G	209	23425	21402	0.009765	870	5	22424	399	47796	44755	0.008915	469	4	46112	0	0	0	nan	0	0	0	0.000850	0.000810	0.000850	0.000810	0.120652	0.114975
196	C	38	23427	21296	0.001784	909	5	22429	65	47797	44704	0.001454	499	4	46109	0	0	0	nan	0	0	0	0.000330	0.000341	0.000330	0.000341	0.046841	0.048403
197	A	77	23429	21241	0.003625	924	5	22430	47	47800	44646	0.001053	536	4	46106	0	0	0	nan	0	0	0	0.002572	0.000441	0.002572	0.000441	0.365080	0.062597
198	U	210	23430	21341	0.009840	941	5	22431	184	47801	44917	0.004096	550	4	46108	0	0	0	nan	0	0	0	0.005744	0.000743	0.005744	0.000743	0.815326	0.105464
199	C	144	23432	21280	0.006767	973	6	22437	168	47805	44869	0.003744	557	4	46120	0	0	0	nan	0	0	0	0.003023	0.000634	0.003023	0.000634	0.429096	0.089992
200	U	109	23437	21285	0.005121	980	6	22444	53	47805	44982	0.001178	557	4	46130	0	0	0	nan	0	0	0	0.003943	0.000517	0.003943	0.000517	0.559685	0.073385
201	U	128	23441	21304	0.006008	1066	23	22452	80	47806	44959	0.001779	605	13	46132	0	0	0	nan	0	0	0	0.004229	0.000567	0.004229	0.000567	0.600281	0.080482
202	G	148	23444	21343	0.006934	1079	24	22462	130	47811	45015	0.002888	612	13	46143	0	0	0	nan	0	0	0	0.004046	0.000624	0.004046	0.000624	0.574305	0.088573
203	G	113	23449	21458	0.005266	1079	26	22474	113	47812	45065	0.002507	613	14	46146	0	0	0	nan	0	0	0	0.002759	0.000549	0.002759	0.000549	0.391623	0.077927
204	G	67	23451	21419	0.003128	1083	28	22481	79	47813	44936	0.001758	613	14	46156	0	0	0	nan	0	0	0	0.001370	0.000430	0.001370	0.000430	0.194463	0.061036
205	A	66	23455	21338	0.003093	1085	29	22484	54	47812	44794	0.001206	614	13	46150	0	0	0	nan	0	0	0	0.001888	0.000415	0.001888	0.000415	0.267990	0.058907
206	G	177	23458	21220	0.008341	1094	30	22492	276	47812	44612	0.006187	617	13	46153	0	0	0	nan	0	0	0	0.002155	0.000729	0.002155	0.000729	0.305889	0.103477
207	C	80	23462	21133	0.003786	1158	31	22504	134	47813	44460	0.003014	648	14	46158	0	0	0	nan	0	0	0	0.000772	0.000497	0.000772	0.000497	0.109581	0.070546
208	U	179	23464	21235	0.008429	1159	32	22515	113	47812	44593	0.002534	651	14	46163	0	0	0	nan	0	0	0	0.005895	0.000674	0.005895	0.000674	0.836759	0.095670
209	G	213	23466	21457	0.009927	1163	33	22521	256	47813	44960	0.005694	656	14	46170	0	0	0	nan	0	0	0	0.004233	0.000768	0.004233	0.000768	0.600848	0.109013
210	G	116	23469	21348	0.005434	1163	44	22530	116	47814	45001	0.002578	656	14	46174	0	0	0	nan	0	0	0	0.002856	0.000558	0.002856	0.000558	0.405392	0.079205
211	U	41	23469	21144	0.001939	1167	48	22537	52	47816	44957	0.001157	657	14	46180	0	0	0	nan	0	0	0	0.000782	0.000343	0.000782	0.000343	0.111000	0.048687
212	A	398	23469	20909	0.019035	1162	51	22537	94	47818	44345	0.002120	656	14	46182	0	0	0	nan	0	0	0	0.016915	0.000979	0.016915	0.000979	2.400981	0.138963
213	U	232	23469	21165	0.010961	1163	52	22535	56	47819	44494	0.001259	656	14	46182	0	0	0	nan	0	0	0	0.009703	0.000739	0.009703	0.000739	1.377281	0.104897
214	U	218	23470	21361	0.010206	1163	52	22538	36	47819	44684	0.000806	656	14	46180	0	0	0	nan	0	0	0	0.009400	0.000704	0.009400	0.000704	1.334272	0.099928
215	G	302	23470	21703	0.013915	1164	52	22541	85	47820	45138	0.001883	656	14	46191	0	0	0	nan	0	0	0	0.012032	0.000826	0.012032	0.000826	1.707869	0.117246
216	U	82	23470	21654	0.003787	1179	52	22542	95	47820	45142	0.002104	665	14	46191	0	0	0	nan	0	0	0	0.001682	0.000471	0.001682	0.000471	0.238750	0.066856
217	G	119	23472	21412	0.005558	1176	52	22544	175	47823	44866	0.003901	665	14	46197	0	0	0	nan	0	0	0	0.001657	0.000589	0.001657	0.000589	0.235201	0.083605
218	C	141	23479	21324	0.006612	1177	52	22558	261	47824	44699	0.005839	668	14	46204	0	0	0	nan	0	0	0	0.000773	0.000664	0.000773	0.000664	0.109723	0.094251
219	U	145	23479	21387	0.006780	1178	52	22560	56	47825	44659	0.001254	668	14	46214	0	0	0	nan	0	0	0	0.005526	0.000587	0.005526	0.000587	0.784382	0.083321
220	U	43	23481	21451	0.002005	1179	52	22567	55	47827	44747	0.001229	668	14	46222	0	0	0	nan	0	0	0	0.000775	0.000348	0.000775	0.000348	0.110006	0.049396
221	G	113	23483	21596	0.005232	1180	52	22580	184	47831	44953	0.004093	669	14	46252	0	0	0	nan	0	0	0	0.001139	0.000577	0.001139	0.000577	0.161674	0.081902
222	G	77	23488	21480	0.003585	1179	52	22594	155	47835	44883	0.003453	669	14	46274	0	0	0	nan	0	0	0	0.000131	0.000494	0.000131	0.000494	0.018595	0.070120
223	U	76	23489	21536	0.003529	1183	53	22605	102	47836	44969	0.002268	673	14	46283	0	0	0	nan	0	0	0	0.001261	0.000463	0.001261	0.000463	0.178991	0.065720
224	C	27	23490	21584	0.001251	1184	53	22606	51	47836	45097	0.001131	673	14	46282	0	0	0	nan	0	0	0	0.000120	0.000288	0.000120	0.000288	0.017033	0.040880
225	A	33	23493	21338	0.001547	1169	53	22609	37	47837	45255	0.000818	639	14	46285	0	0	0	nan	0	0	0	0.000729	0.000301	0.000729	0.000301	0.103477	0.042725
226	G	514	23493	21795	0.023583	1170	53	22611	75	47836	45300	0.001656	639	15	46283	0	0	0	nan	0	0	0	0.021928	0.001058	0.021928	0.001058	3.112545	0.150177
227	A	39	23494	21630	0.001803	1171	54	22613	45	47836	45014	0.001000	646	15	46284	0	0	0	nan	0	0	0	0.000803	0.000325	0.000803	0.000325	0.113981	0.046132
228	G	219	23499	21382	0.010242	1171	54	22620	74	47837	44560	0.001661	646	15	46290	0	0	0	nan	0	0	0	0.008582	0.000719	0.008582	0.000719	1.218162	0.102058
229	U	238	23499	21356	0.011144	1185	55	22625	119	47839	44444	0.002678	707	15	46300	0	0	0	nan	0	0	0	0.008467	0.000763	0.008467	0.000763	1.201839	0.108303
230	A	23	23503	21247	0.001083	1183	55	22635	36	47841	44348	0.000812	707	15	46307	0	0	0	nan	0	0	0	0.000271	0.000263	0.000271	0.000263	0.038467	0.037331
231	G	221	23503	21337	0.010358	1185	59	22636	311	47841	44593	0.006974	710	15	46311	0	0	0	nan	0	0	0	0.003383	0.000801	0.003383	0.000801	0.480196	0.113697
232	C	48	23506	21381	0.002245	1187	63	22642	43	47841	44738	0.000961	723	17	46319	0	0	0	nan	0	0	0	0.001284	0.000356	0.001284	0.000356	0.182256	0.050532
233	U	85	23510	21641	0.003928	1187	65	22657	44	47844	45088	0.000976	719	23	46334	0	0	0	nan	0	0	0	0.002952	0.000451	0.002952	0.000451	0.419018	0.064017
234	A	127	23516	21864	0.005809	1188	65	22671	53	47844	45366	0.001168	719	23	46363	0	0	0	nan	0	0	0	0.004640	0.000540	0.004640	0.000540	0.658620	0.076650
235	A	26	23519	21756	0.001195	1189	65	22678	28	47845	45204	0.000619	719	23	46373	0	0	0	nan	0	0	0	0.000576	0.000262	0.000576	0.000262	0.081760	0.037189
236	G	155	23519	21136	0.007333	1222	69	22679	246	47847	44485	0.005530	754	24	46375	0	0	0	nan	0	0	0	0.001804	0.000686	0.001804	0.000686	0.256067	0.097373
237	C	152	23519	20900	0.007273	1231	71	22678	215	47849	44131	0.004872	760	26	46372	0	0	0	nan	0	0	0	0.002401	0.000677	0.002401	0.000677	0.340807	0.096096
238	C	137	23521	20930	0.006546	1231	72	22684	196	47852	44163	0.004438	763	27	46377	0	0	0	nan	0	0	0	0.002108	0.000643	0.002108	0.000643	0.299218	0.091270
239	C	356	23523	21174	0.016813	1239	74	22689	740	47854	44421	0.016659	765	27	46390	0	0	0	nan	0	0	0	0.000154	0.001081	0.000154	0.001081	0.021859	0.153441
240	U	105	23526	21274	0.004936	1239	77	22709	96	47858	44715	0.002147	765	27	46416	0	0	0	nan	0	0	0	0.002789	0.000529	0.002789	0.000529	0.395881	0.075088
241	G	140	23539	21249	0.006589	1240	77	22753	175	47868	44708	0.003914	765	27	46485	0	0	0	nan	0	0	0	0.002674	0.000631	0.002674	0.000631	0.379558	0.089567
242	G	224	23555	21411	0.010462	1240	77	22806	103	47880	44768	0.002301	765	27	46574	0	0	0	nan	0	0	0	0.008161	0.000735	0.008161	0.000735	1.158404	0.104329
243	U	184	23560	21090	0.008725	1244	78	22829	253	47887	44386	0.005700	768	28	46626	0	0	0	nan	0	0	0	0.003025	0.000736	0.003025	0.000736	0.429380	0.104471
244	C	198	23566	20915	0.009467	1244	79	22851	373	47891	44270	0.008426	768	28	46650	0	0	0	nan	0	0	0	0.001041	0.000802	0.001041	0.000802	0.147764	0.113839
245	U	165	23566	21043	0.007841	1242	79	22864	67	47895	44351	0.001511	767	28	46665	0	0	0	nan	0	0	0	0.006330	0.000638	0.006330	0.000638	0.898505	0.090560
246	U	130	23571	21180	0.006138	1242	79	22890	23	47907	44330	0.000519	767	28	46705	0	0	0	nan	0	0	0	0.005619	0.000549	0.005619	0.000549	0.797583	0.077927
247	A	121	23563	21457	0.005639	1242	80	22842	31	47837	44453	0.000697	768	28	46490	0	0	0	nan	0	0	0	0.004942	0.000528	0.004942	0.000528	0.701487	0.074946
248	G	147	23579	21074	0.006975	1242	80	22925	103	47860	43806	0.002351	768	28	46614	0	0	0	nan	0	0	0	0.004624	0.000620	0.004624	0.000620	0.656348	0.088005
249	G	236	23582	19871	0.011877	1243	81	22941	349	47864	40975	0.008517	767	28	46641	0	0	0	nan	0	0	0	0.003359	0.000898	0.003359	0.000898	0.476789	0.127466
250	C	127	23580	19715	0.006442	1250	83	22935	197	47864	40740	0.004836	774	29	46645	0	0	0	nan	0	0	0	0.001606	0.000667	0.001606	0.000667	0.227962	0.094677
251	C	164	23585	20057	0.008177	1254	91	22943	256	47869	41163	0.006219	778	30	46663	0	0	0	nan	0	0	0	0.001958	0.000748	0.001958	0.000748	0.277926	0.106174
252	U	147	23590	21689	0.006778	1255	91	22956	93	47876	44692	0.002081	778	31	46682	0	0	0	nan	0	0	0	0.004697	0.000599	0.004697	0.000599	0.666710	0.085024
253	G	55	23592	21621	0.002544	1255	92	22966	48	47876	44655	0.001075	778	31	46694	0	0	0	nan	0	0	0	0.001469	0.000376	0.001469	0.000376	0.208516	0.053371
254	A	66	23593	21395	0.003085	1255	93	22972	36	47876	44187	0.000815	779	32	46701	0	0	0	nan	0	0	0	0.002270	0.000403	0.002270	0.000403	0.322213	0.057203
255	G	125	23596	20387	0.006131	1257	95	22985	148	47880	42639	0.003471	779	32	46722	0	0	0	nan	0	0	0	0.002660	0.000618	0.002660	0.000618	0.377571	0.087721
256	C	66	23602	20256	0.003258	1261	107	22999	123	47884	42388	0.002902	779	39	46738	0	0	0	nan	0	0	0	0.000357	0.000479	0.000357	0.000479	0.050674	0.067991
257	C	135	23610	20421	0.006611	1261	107	23026	214	47891	42668	0.005015	779	38	46794	0	0	0	nan	0	0	0	0.001595	0.000664	0.001595	0.000664	0.226400	0.094251
258	U	96	23617	21656	0.004433	1261	107	23049	105	47900	44633	0.002353	779	39	46842	0	0	0	nan	0	0	0	0.002080	0.000507	0.002080	0.000507	0.295243	0.071966
259	G	119	23628	22143	0.005374	1261	107	23100	95	47918	45446	0.002090	779	39	46921	0	0	0	nan	0	0	0	0.003284	0.000537	0.003284	0.000537	0.466144	0.076224
260	G	72	23646	22088	0.003260	1263	107	23151	51	47943	45513	0.001121	779	39	47008	0	0	0	nan	0	0	0	0.002139	0.000415	0.002139	0.000415	0.303618	0.058907
261	A	127	23654	22191	0.005723	1268	109	23169	48	47948	45625	0.001052	779	39	47027	0	0	0	nan	0	0	0	0.004671	0.000530	0.004671	0.000530	0.663020	0.075230
262	G	185	23658	22118	0.008364	1276	109	23184	71	47960	45416	0.001563	784	39	47060	0	0	0	nan	0	0	0	0.006801	0.000642	0.006801	0.000642	0.965360	0.091128
263	U	360	23667	21980	0.016379	1386	1288	23208	643	47967	45253	0.014209	797	1057	47088	0	0	0	nan	0	0	0	0.002170	0.001029	0.002170	0.001029	0.308018	0.146060
264	C	46	23667	21714	0.002118	1391	1290	23209	77	47971	44656	0.001724	802	1058	47094	0	0	0	nan	0	0	0	0.000394	0.000369	0.000394	0.000369	0.055926	0.052377
265	U	108	23670	21517	0.005019	1391	1293	23213	78	47972	44382	0.001757	801	1058	47097	0	0	0	nan	0	0	0	0.003262	0.000522	0.003262	0.000522	0.463021	0.074095
266	G	582	23672	21590	0.026957	1392	1294	23224	1075	47972	44434	0.024193	801	1059	47113	0	0	0	nan	0	0	0	0.002764	0.001339	0.002764	0.001339	0.392333	0.190063
267	C	192	23678	21594	0.008891	1409	1302	23250	371	47978	44425	0.008351	808	1065	47148	0	0	0	nan	0	0	0	0.000540	0.000774	0.000540	0.000774	0.076650	0.109865
268	C	100	23690	21497	0.004652	1429	1317	23292	192	47996	44231	0.004341	816	1071	47220	0	0	0	nan	0	0	0	0.000311	0.000561	0.000311	0.000561	0.044145	0.079631
269	C	132	23709	21516	0.006135	1470	1345	23341	211	48005	44202	0.004774	837	1087	47303	0	0	0	nan	0	0	0	0.001361	0.000627	0.001361	0.000627	0.193186	0.088999
270	C	74	23730	21533	0.003437	1572	1371	23394	132	48022	44320	0.002978	889	1103	47407	0	0	0	nan	0	0	0	0.000458	0.000476	0.000458	0.000476	0.065010	0.067565
271	C	55	23780	21889	0.002513	1644	1392	23536	79	48061	44979	0.001756	916	1106	47632	0	0	0	nan	0	0	0	0.000756	0.000392	0.000756	0.000392	0.107310	0.055642
272	A	283	23828	22274	0.012705	1649	1394	23662	439	48123	45653	0.009616	921	1106	47839	0	0	0	nan	0	0	0	0.003089	0.000884	0.003089	0.000884	0.438465	0.125478
273	U	88	23895	22515	0.003909	1662	1396	23856	113	48205	46208	0.002445	931	1106	48151	0	0	0	nan	0	0	0	0.001463	0.000476	0.001463	0.000476	0.207664	0.067565
274	U	108	23900	22013	0.004906	1664	1397	23873	42	48211	45394	0.000925	929	1106	48172	0	0	0	nan	0	0	0	0.003981	0.000493	0.003981	0.000493	0.565079	0.069978
275	U	230	23906	22103	0.010406	1664	1397	23886	199	48217	45373	0.004386	929	1106	48182	0	0	0	nan	0	0	0	0.006020	0.000753	0.006020	0.000753	0.854502	0.106884
276	C	55	23915	21895	0.002512	1664	1397	23906	70	48224	44968	0.001557	929	1106	48194	0	0	0	nan	0	0	0	0.000955	0.000386	0.000955	0.000386	0.135556	0.054790
277	C	691	23918	22509	0.030699	1662	1397	23911	1341	48228	46028	0.029134	929	1106	48205	0	0	0	nan	0	0	0	0.001564	0.001413	0.001564	0.001413	0.222000	0.200567
278	U	61	23924	21962	0.002778	1663	1397	23924	88	48248	45050	0.001953	929	1106	48248	0	0	0	nan	0	0	0	0.000824	0.000412	0.000824	0.000412	0.116962	0.058481
279	U	159	23924	21835	0.007282	1662	1397	23924	79	48248	44735	0.001766	929	1106	48248	0	0	0	nan	0	0	0	0.005516	0.000611	0.005516	0.000611	0.782962	0.086728
280	U	0	23924	22024	0.000000	1661	1397	23924	0	48248	45059	0.000000	927	1106	48248	0	0	0	nan	0	0	0	0.000000	0.000000	0.000000	0.000000	0.000000	0.000000
281	C	0	23924	0	nan	1658	1397	23924	0	48248	0	nan	925	1106	48248	0	0	0	nan	0	0	0	nan	nan	nan	nan	nan	nan
282	U	0	23924	0	nan	1658	1397	23924	0	48248	0	nan	925	1106	48248	0	0	0	nan	0	0	0	nan	nan	nan	nan	nan	nan
283	C	0	23924	0	nan	1658	1397	23924	0	48248	0	nan	925	1106	48248	0	0	0	nan	0	0	0	nan	nan	nan	nan	nan	nan
284	U	0	23924	0	nan	1658	1397	23924	0	48248	0	nan	925	1106	48248	0	0	0	nan	0	0	0	nan	nan	nan	nan	nan	nan
285	U	0	23924	0	nan	1656	1397	23924	0	48248	0	nan	925	1106	48248	0	0	0	nan	0	0	0	nan	nan	nan	nan	nan	nan
286	G	0	23924	0	nan	1656	1397	23924	0	48248	0	nan	925	1106	48248	0	0	0	nan	0	0	0	nan	nan	nan	nan	nan	nan
287	C	0	23924	0	nan	1655	1397	23924	0	48248	0	nan	925	1106	48248	0	0	0	nan	0	0	0	nan	nan	nan	nan	nan	nan
288	G	0	23924	0	nan	1654	1397	23924	0	48248	0	nan	925	1106	48248	0	0	0	nan	0	0	0	nan	nan	nan	nan	nan	nan
289	G	0	23924	0	nan	1653	1397	23924	0	48248	0	nan	924	1106	48248	0	0	0	nan	0	0	0	nan	nan	nan	nan	nan	nan
290	U	0	23924	0	nan	1648	1397	23924	0	48248	0	nan	919	1106	48248	0	0	0	nan	0	0	0	nan	nan	nan	nan	nan	nan
291	C	0	23924	0	nan	1648	1397	23924	0	48248	0	nan	919	1106	48248	0	0	0	nan	0	0	0	nan	nan	nan	nan	nan	nan
292	G	0	23915	0	nan	1648	1397	23915	0	48244	0	nan	919	1106	48244	0	0	0	nan	0	0	0	nan	nan	nan	nan	nan	nan
293	C	0	23915	0	nan	1648	1397	23915	0	48244	0	nan	919	1106	48244	0	0	0	nan	0	0	0	nan	nan	nan	nan	nan	nan
294	A	0	23915	0	nan	1648	1397	23915	0	48244	0	nan	919	1106	48244	0	0	0	nan	0	0	0	nan	nan	nan	nan	nan	nan
295	C	0	23908	0	nan	1648	1397	23908	0	48240	0	nan	919	1106	48240	0	0	0	nan	0	0	0	nan	nan	nan	nan	nan	nan
296	U	0	23907	0	nan	1648	1397	23907	0	48238	0	nan	919	1106	48238	0	0	0	nan	0	0	0	nan	nan	nan	nan	nan	nan
297	A	0	23905	0	nan	1647	1396	23905	0	48235	0	nan	919	1106	48235	0	0	0	nan	0	0	0	nan	nan	nan	nan	nan	nan
298	G	0	23889	0	nan	1646	1396	23889	0	48208	0	nan	919	1106	48208	0	0	0	nan	0	0	0	nan	nan	nan	nan	nan	nan
299	U	0	23880	0	nan	1645	1395	23880	0	48180	0	nan	917	1105	48180	0	0	0	nan	0	0	0	nan	nan	nan	nan	nan	nan
300	G	0	23857	0	nan	1645	1395	23857	0	48146	0	nan	916	1105	48146	0	0	0	nan	0	0	0	nan	nan	nan	nan	nan	nan