Nucleotide	Sequence	Modified_mutations	Modified_read_depth	Modified_effective_depth	Modified_rate	Modified_off_target_mapped_depth	Modified_low_mapq_mapped_depth	Modified_primer_pair_1_mapped_depth	Untreated_mutations	Untreated_read_depth	Untreated_effective_depth	Untreated_rate	Untreated_off_target_mapped_depth	Untreated_low_mapq_mapped_depth	Untreated_primer_pair_1_mapped_depth	Denatured_mutations	Denatured_read_depth	Denatured_effective_depth	Denatured_rate	Denatured_off_target_mapped_depth	Denatured_low_mapq_mapped_depth	Denatured_primer_pair_1_mapped_depth	Reactivity_profile	Std_err	HQ_profile	HQ_stderr	Norm_profile	Norm_stderr
1	G	0	39867	0	nan	3099	186	39867	0	42617	0	nan	1821	64	42617	0	0	0	nan	0	0	0	nan	nan	nan	nan	nan	nan
2	C	0	39923	0	nan	3103	186	39923	0	42644	0	nan	1822	64	42644	0	0	0	nan	0	0	0	nan	nan	nan	nan	nan	nan
3	U	0	39951	0	nan	3106	186	39951	0	42675	0	nan	1822	64	42675	0	0	0	nan	0	0	0	nan	nan	nan	nan	nan	nan
4	U	0	39968	0	nan	3110	186	39968	0	42700	0	nan	1823	64	42700	0	0	0	nan	0	0	0	nan	nan	nan	nan	nan	nan
5	C	0	39970	0	nan	3110	186	39970	0	42705	0	nan	1824	64	42705	0	0	0	nan	0	0	0	nan	nan	nan	nan	nan	nan
6	G	0	39970	0	nan	3110	186	39970	0	42707	0	nan	1824	64	42707	0	0	0	nan	0	0	0	nan	nan	nan	nan	nan	nan
7	A	0	39972	0	nan	3111	186	39972	0	42708	0	nan	1824	64	42708	0	0	0	nan	0	0	0	nan	nan	nan	nan	nan	nan
8	U	0	39974	0	nan	3112	186	39974	0	42709	0	nan	1825	64	42709	0	0	0	nan	0	0	0	nan	nan	nan	nan	nan	nan
9	A	0	39974	0	nan	3112	186	39974	0	42709	0	nan	1826	64	42709	0	0	0	nan	0	0	0	nan	nan	nan	nan	nan	nan
10	U	0	39978	0	nan	3112	186	39978	0	42711	0	nan	1826	64	42711	0	0	0	nan	0	0	0	nan	nan	nan	nan	nan	nan
11	C	0	39979	0	nan	3112	186	39979	0	42712	0	nan	1826	64	42712	0	0	0	nan	0	0	0	nan	nan	nan	nan	nan	nan
12	C	0	39979	0	nan	3113	186	39979	0	42712	0	nan	1829	64	42712	0	0	0	nan	0	0	0	nan	nan	nan	nan	nan	nan
13	G	0	39979	0	nan	3114	186	39979	0	42712	0	nan	1829	64	42712	0	0	0	nan	0	0	0	nan	nan	nan	nan	nan	nan
14	C	0	39979	0	nan	3114	186	39979	0	42712	0	nan	1829	64	42712	0	0	0	nan	0	0	0	nan	nan	nan	nan	nan	nan
15	A	0	39979	0	nan	3116	186	39979	0	42712	0	nan	1829	64	42712	0	0	0	nan	0	0	0	nan	nan	nan	nan	nan	nan
16	U	0	39979	0	nan	3116	186	39979	0	42712	0	nan	1829	64	42712	0	0	0	nan	0	0	0	nan	nan	nan	nan	nan	nan
17	G	0	39979	0	nan	3120	186	39979	0	42712	0	nan	1830	64	42712	0	0	0	nan	0	0	0	nan	nan	nan	nan	nan	nan
18	C	0	39979	0	nan	3120	186	39979	0	42712	0	nan	1830	64	42712	0	0	0	nan	0	0	0	nan	nan	nan	nan	nan	nan
19	U	5	39979	37898	0.000132	3120	186	39979	7	42712	40887	0.000171	1830	64	42712	0	0	0	nan	0	0	0	-0.000039	0.000088	-0.000039	0.000088	-0.005323	0.012012
20	A	164	39980	36714	0.004467	3121	186	39980	36	42712	40135	0.000897	1830	64	42712	0	0	0	nan	0	0	0	0.003570	0.000379	0.003570	0.000379	0.487303	0.051733
21	A	437	39980	36672	0.011916	3122	186	39980	43	42712	39831	0.001080	1830	64	42712	0	0	0	nan	0	0	0	0.010837	0.000593	0.010837	0.000593	1.479244	0.080944
22	U	457	39980	36709	0.012449	3123	186	39980	52	42712	39494	0.001317	1831	64	42712	0	0	0	nan	0	0	0	0.011133	0.000610	0.011133	0.000610	1.519648	0.083265
23	U	154	39980	37226	0.004137	3124	186	39980	110	42712	40102	0.002743	1831	64	42712	0	0	0	nan	0	0	0	0.001394	0.000424	0.001394	0.000424	0.190280	0.057876
24	C	294	39980	37631	0.007813	3124	186	39977	49	42712	40332	0.001215	1831	64	42708	0	0	0	nan	0	0	0	0.006598	0.000488	0.006598	0.000488	0.900623	0.066612
25	U	163	39980	37951	0.004295	3124	186	39971	113	42712	40675	0.002778	1831	64	42703	0	0	0	nan	0	0	0	0.001517	0.000426	0.001517	0.000426	0.207070	0.058149
26	C	92	39974	38404	0.002396	3124	186	39873	31	42701	41217	0.000752	1832	64	42598	0	0	0	nan	0	0	0	0.001643	0.000284	0.001643	0.000284	0.224269	0.038766
27	U	272	39966	38418	0.007080	3124	186	39790	47	42699	41398	0.001135	1833	64	42543	0	0	0	nan	0	0	0	0.005945	0.000460	0.005945	0.000460	0.811489	0.062790
28	G	600	39960	37041	0.016198	3113	186	39695	250	42689	39944	0.006259	1832	64	42387	0	0	0	nan	0	0	0	0.009940	0.000771	0.009940	0.000771	1.356804	0.105241
29	C	182	39953	36169	0.005032	3113	186	39574	80	42678	38799	0.002062	1830	64	42243	0	0	0	nan	0	0	0	0.002970	0.000438	0.002970	0.000438	0.405403	0.059787
30	C	260	39948	34214	0.007599	3112	185	39526	55	42671	36636	0.001501	1832	63	42194	0	0	0	nan	0	0	0	0.006098	0.000513	0.006098	0.000513	0.832373	0.070024
31	G	405	39938	33664	0.012031	3074	153	39454	76	42665	36819	0.002064	1829	56	42116	0	0	0	nan	0	0	0	0.009967	0.000643	0.009967	0.000643	1.360490	0.087769
32	U	447	39936	33873	0.013196	3076	150	39403	73	42663	36934	0.001976	1830	56	42078	0	0	0	nan	0	0	0	0.011220	0.000666	0.011220	0.000666	1.531523	0.090909
33	G	798	39930	35808	0.022286	3076	149	39346	194	42660	38583	0.005028	1835	56	42036	0	0	0	nan	0	0	0	0.017257	0.000868	0.017257	0.000868	2.355570	0.118481
34	C	190	39927	35834	0.005302	3078	149	39304	84	42657	38880	0.002160	1835	56	41999	0	0	0	nan	0	0	0	0.003142	0.000451	0.003142	0.000451	0.428881	0.061561
35	G	867	39926	36642	0.023661	3074	139	39255	68	42657	39240	0.001733	1835	53	41938	0	0	0	nan	0	0	0	0.021928	0.000831	0.021928	0.000831	2.993159	0.113431
36	U	518	39922	36491	0.014195	3071	139	39161	80	42653	39074	0.002047	1835	53	41832	0	0	0	nan	0	0	0	0.012148	0.000664	0.012148	0.000664	1.658195	0.090636
37	G	384	39919	36462	0.010532	3070	139	39083	164	42648	39195	0.004184	1833	53	41753	0	0	0	nan	0	0	0	0.006347	0.000629	0.006347	0.000629	0.866362	0.085858
38	G	304	39918	36766	0.008269	3071	137	39044	174	42644	39573	0.004397	1832	53	41700	0	0	0	nan	0	0	0	0.003872	0.000580	0.003872	0.000580	0.528526	0.079170
39	G	175	39914	36449	0.004801	3067	137	38921	127	42641	39140	0.003245	1832	52	41590	0	0	0	nan	0	0	0	0.001556	0.000463	0.001556	0.000463	0.212393	0.063199
40	C	186	39912	36574	0.005086	3067	135	38825	152	42635	39173	0.003880	1829	52	41465	0	0	0	nan	0	0	0	0.001205	0.000488	0.001205	0.000488	0.164482	0.066612
41	G	102	39909	36350	0.002806	3067	135	38776	104	42633	38873	0.002675	1828	52	41418	0	0	0	nan	0	0	0	0.000131	0.000382	0.000131	0.000382	0.017881	0.052143
42	G	190	39904	35920	0.005290	3064	135	38698	185	42630	38394	0.004818	1827	52	41330	0	0	0	nan	0	0	0	0.000471	0.000522	0.000471	0.000522	0.064291	0.071253
43	C	67	39899	34659	0.001933	3044	135	38620	62	42627	37345	0.001660	1819	52	41229	0	0	0	nan	0	0	0	0.000273	0.000317	0.000273	0.000317	0.037264	0.043270
44	U	833	39899	34726	0.023988	3045	134	38599	339	42627	37463	0.009049	1820	52	41214	0	0	0	nan	0	0	0	0.014939	0.000966	0.014939	0.000966	2.039165	0.131858
45	C	376	39904	35149	0.010697	3046	133	38597	57	42627	37887	0.001504	1820	51	41208	0	0	0	nan	0	0	0	0.009193	0.000587	0.009193	0.000587	1.254839	0.080125
46	C	229	39903	35758	0.006404	3046	133	38586	165	42627	38803	0.004252	1821	51	41199	0	0	0	nan	0	0	0	0.002152	0.000537	0.002152	0.000537	0.293747	0.073300
47	U	436	39903	35626	0.012238	3046	128	38578	89	42626	39347	0.002262	1825	50	41196	0	0	0	nan	0	0	0	0.009976	0.000633	0.009976	0.000633	1.361718	0.086404
48	U	278	39905	35025	0.007937	3046	119	38572	31	42627	38851	0.000798	1826	48	41190	0	0	0	nan	0	0	0	0.007139	0.000497	0.007139	0.000497	0.974469	0.067840
49	A	1097	39910	35944	0.030520	3046	119	38565	76	42628	38910	0.001953	1826	47	41183	0	0	0	nan	0	0	0	0.028566	0.000948	0.028566	0.000948	3.899242	0.129401
50	U	359	39909	35996	0.009973	3047	118	38555	55	42625	38914	0.001413	1826	47	41169	0	0	0	nan	0	0	0	0.008560	0.000560	0.008560	0.000560	1.168435	0.076440
51	U	449	39915	36584	0.012273	3049	117	38542	31	42624	39373	0.000787	1826	47	41148	0	0	0	nan	0	0	0	0.011486	0.000596	0.011486	0.000596	1.567832	0.081354
52	G	169	39928	36422	0.004640	3048	115	38540	83	42623	39145	0.002120	1826	47	41126	0	0	0	nan	0	0	0	0.002520	0.000426	0.002520	0.000426	0.343979	0.058149
53	C	137	39950	36396	0.003764	3049	114	38558	64	42623	38937	0.001644	1826	47	41107	0	0	0	nan	0	0	0	0.002120	0.000382	0.002120	0.000382	0.289379	0.052143
54	U	26	39954	36415	0.000714	3050	113	38528	24	42619	38803	0.000619	1826	47	41063	0	0	0	nan	0	0	0	0.000095	0.000189	0.000095	0.000189	0.012967	0.025798
55	G	150	40170	37006	0.004053	3053	113	38813	163	42646	39263	0.004151	1826	47	41084	0	0	0	nan	0	0	0	-0.000098	0.000464	-0.000098	0.000464	-0.013377	0.063336
56	C	151	40633	37341	0.004044	3050	93	39444	155	43339	39888	0.003886	1827	38	42065	0	0	0	nan	0	0	0	0.000158	0.000454	0.000158	0.000454	0.021567	0.061971
57	U	181	40633	37721	0.004798	3049	91	39424	43	43343	40399	0.001064	1827	38	42048	0	0	0	nan	0	0	0	0.003734	0.000392	0.003734	0.000392	0.509689	0.053508
58	U	140	40735	37946	0.003689	3049	91	39567	17	43469	40588	0.000419	1830	38	42222	0	0	0	nan	0	0	0	0.003271	0.000328	0.003271	0.000328	0.446490	0.044772
59	A	223	40734	38334	0.005817	3049	90	39564	18	43471	41065	0.000438	1831	38	42207	0	0	0	nan	0	0	0	0.005379	0.000403	0.005379	0.000403	0.734230	0.055009
60	G	172	40734	38417	0.004477	3048	89	39559	77	43470	41124	0.001872	1831	38	42202	0	0	0	nan	0	0	0	0.002605	0.000403	0.002605	0.000403	0.355581	0.055009
61	G	390	40736	38269	0.010191	3050	88	39556	368	43470	41025	0.008970	1831	38	42193	0	0	0	nan	0	0	0	0.001221	0.000696	0.001221	0.000696	0.166666	0.095004
62	C	97	40738	38234	0.002537	3050	88	39555	89	43471	40911	0.002175	1831	38	42195	0	0	0	nan	0	0	0	0.000362	0.000346	0.000362	0.000346	0.049413	0.047229
63	C	54	40740	38418	0.001406	3050	88	39553	43	43472	41130	0.001045	1832	38	42196	0	0	0	nan	0	0	0	0.000360	0.000249	0.000360	0.000249	0.049140	0.033988
64	U	76	40738	38451	0.001977	3050	84	39543	46	43469	41175	0.001117	1832	38	42188	0	0	0	nan	0	0	0	0.000859	0.000280	0.000859	0.000280	0.117253	0.038220
65	A	64	40739	38568	0.001659	3049	50	39532	36	43469	41487	0.000868	1832	24	42181	0	0	0	nan	0	0	0	0.000792	0.000253	0.000792	0.000253	0.108108	0.034534
66	G	471	40742	38452	0.012249	3051	44	39535	101	43472	41301	0.002445	1832	23	42183	0	0	0	nan	0	0	0	0.009804	0.000615	0.009804	0.000615	1.338240	0.083947
67	A	194	40740	38216	0.005076	3052	44	39506	83	43467	41101	0.002019	1832	23	42161	0	0	0	nan	0	0	0	0.003057	0.000427	0.003057	0.000427	0.417279	0.058285
68	A	285	40741	38100	0.007480	3051	28	39490	40	43467	40845	0.000979	1831	9	42137	0	0	0	nan	0	0	0	0.006501	0.000469	0.006501	0.000469	0.887383	0.064018
69	A	36	40742	38131	0.000944	3051	27	39492	30	43468	40807	0.000735	1831	9	42134	0	0	0	nan	0	0	0	0.000209	0.000207	0.000209	0.000207	0.028528	0.028255
70	G	516	40742	37988	0.013583	3051	27	39490	534	43468	40678	0.013127	1831	8	42131	0	0	0	nan	0	0	0	0.000456	0.000825	0.000456	0.000825	0.062244	0.112612
71	U	230	40742	37995	0.006053	3051	25	39484	149	43467	40792	0.003653	1831	8	42129	0	0	0	nan	0	0	0	0.002401	0.000499	0.002401	0.000499	0.327735	0.068113
72	U	102	40742	38346	0.002660	3052	25	39483	21	43467	41051	0.000512	1832	8	42128	0	0	0	nan	0	0	0	0.002148	0.000286	0.002148	0.000286	0.293201	0.039039
73	U	34	40746	38319	0.000887	3051	25	39490	29	43469	41039	0.000707	1831	8	42134	0	0	0	nan	0	0	0	0.000181	0.000201	0.000181	0.000201	0.024706	0.027436
74	A	66	40748	38238	0.001726	3051	24	39486	34	43468	41044	0.000828	1831	8	42128	0	0	0	nan	0	0	0	0.000898	0.000256	0.000898	0.000256	0.122576	0.034944
75	A	49	40750	38268	0.001280	3051	23	39486	33	43468	41101	0.000803	1831	8	42130	0	0	0	nan	0	0	0	0.000478	0.000230	0.000478	0.000230	0.065247	0.031395
76	G	49	40752	38354	0.001278	3051	23	39490	24	43469	41123	0.000584	1831	8	42133	0	0	0	nan	0	0	0	0.000694	0.000218	0.000694	0.000218	0.094731	0.029757
77	U	57	40751	38546	0.001479	3051	21	39485	39	43469	41289	0.000945	1831	8	42129	0	0	0	nan	0	0	0	0.000534	0.000247	0.000534	0.000247	0.072891	0.033715
78	A	125	40751	38531	0.003244	3050	19	39485	29	43470	41215	0.000704	1831	8	42131	0	0	0	nan	0	0	0	0.002541	0.000318	0.002541	0.000318	0.346845	0.043407
79	U	189	40752	38711	0.004882	3050	18	39486	50	43470	41462	0.001206	1831	7	42131	0	0	0	nan	0	0	0	0.003676	0.000394	0.003676	0.000394	0.501772	0.053781
80	G	215	40754	38751	0.005548	3050	18	39487	41	43471	41420	0.000990	1831	7	42132	0	0	0	nan	0	0	0	0.004558	0.000409	0.004558	0.000409	0.622164	0.055828
81	U	114	40755	38654	0.002949	3051	18	39487	72	43471	41436	0.001738	1831	7	42132	0	0	0	nan	0	0	0	0.001212	0.000344	0.001212	0.000344	0.165437	0.046956
82	G	226	40754	38577	0.005858	3052	18	39474	171	43474	41402	0.004130	1830	7	42128	0	0	0	nan	0	0	0	0.001728	0.000502	0.001728	0.000502	0.235871	0.068523
83	G	46	40753	38275	0.001202	3053	18	39449	44	43478	41323	0.001065	1831	7	42111	0	0	0	nan	0	0	0	0.000137	0.000239	0.000137	0.000239	0.018700	0.032623
84	A	92	40754	38174	0.002410	3053	18	39447	34	43479	41135	0.000827	1831	7	42101	0	0	0	nan	0	0	0	0.001583	0.000288	0.001583	0.000288	0.216079	0.039312
85	A	204	40753	38097	0.005355	3052	18	39431	31	43479	41023	0.000756	1831	7	42087	0	0	0	nan	0	0	0	0.004599	0.000399	0.004599	0.000399	0.627761	0.054463
86	G	266	40750	38236	0.006957	3052	18	39413	40	43479	40941	0.000977	1831	7	42076	0	0	0	nan	0	0	0	0.005980	0.000454	0.005980	0.000454	0.816267	0.061971
87	A	140	40749	38415	0.003644	3052	18	39400	45	43478	41117	0.001094	1831	7	42065	0	0	0	nan	0	0	0	0.002550	0.000349	0.002550	0.000349	0.348074	0.047638
88	G	239	40748	38416	0.006221	3052	18	39394	85	43479	41137	0.002066	1831	7	42057	0	0	0	nan	0	0	0	0.004155	0.000461	0.004155	0.000461	0.567155	0.062926
89	G	54	40747	38154	0.001415	3052	18	39377	31	43479	40960	0.000757	1831	7	42029	0	0	0	nan	0	0	0	0.000658	0.000236	0.000658	0.000236	0.089817	0.032214
90	A	164	40745	38112	0.004303	3051	18	39352	71	43479	40793	0.001740	1831	7	42018	0	0	0	nan	0	0	0	0.002563	0.000394	0.002563	0.000394	0.349848	0.053781
91	G	50	40745	37865	0.001320	3052	18	39350	46	43479	40636	0.001132	1831	7	42013	0	0	0	nan	0	0	0	0.000188	0.000250	0.000188	0.000250	0.025662	0.034125
92	A	106	40745	38107	0.002782	3052	15	39330	65	43479	40861	0.001591	1831	7	41998	0	0	0	nan	0	0	0	0.001191	0.000335	0.001191	0.000335	0.162571	0.045727
93	G	248	40744	38007	0.006525	3051	15	39326	52	43479	40756	0.001276	1831	7	41995	0	0	0	nan	0	0	0	0.005249	0.000451	0.005249	0.000451	0.716485	0.061561
94	U	267	40746	38252	0.006980	3051	15	39322	64	43479	40898	0.001565	1829	7	41983	0	0	0	nan	0	0	0	0.005415	0.000470	0.005415	0.000470	0.739144	0.064155
95	G	128	40746	37608	0.003404	3050	12	39317	54	43480	40231	0.001342	1829	6	41985	0	0	0	nan	0	0	0	0.002061	0.000352	0.002061	0.000352	0.281325	0.048048
96	A	119	40746	37613	0.003164	3050	12	39312	53	43482	40265	0.001316	1829	6	41980	0	0	0	nan	0	0	0	0.001848	0.000342	0.001848	0.000342	0.252251	0.046683
97	G	170	40746	37358	0.004551	3050	12	39313	144	43482	40089	0.003592	1829	6	41980	0	0	0	nan	0	0	0	0.000959	0.000460	0.000959	0.000460	0.130903	0.062790
98	U	84	40748	38083	0.002206	3050	11	39315	79	43483	40863	0.001933	1829	6	41982	0	0	0	nan	0	0	0	0.000272	0.000324	0.000272	0.000324	0.037128	0.044226
99	U	272	40747	38292	0.007103	3049	11	39315	63	43489	40894	0.001541	1829	6	41992	0	0	0	nan	0	0	0	0.005563	0.000472	0.005563	0.000472	0.759346	0.064428
100	G	224	40749	38478	0.005822	2981	11	39317	52	43491	41151	0.001264	1796	6	41997	0	0	0	nan	0	0	0	0.004558	0.000427	0.004558	0.000427	0.622164	0.058285
101	U	59	40750	38506	0.001532	2979	10	39318	36	43494	41238	0.000873	1794	6	42002	0	0	0	nan	0	0	0	0.000659	0.000247	0.000659	0.000247	0.089953	0.033715
102	A	66	40750	38426	0.001718	2951	10	39319	38	43497	41256	0.000921	1787	5	42009	0	0	0	nan	0	0	0	0.000797	0.000259	0.000797	0.000259	0.108790	0.035353
103	A	87	40751	38381	0.002267	2949	10	39320	41	43497	41143	0.000997	1784	5	42010	0	0	0	nan	0	0	0	0.001270	0.000289	0.001270	0.000289	0.173354	0.039448
104	G	200	40752	38160	0.005241	2949	11	39320	146	43497	40913	0.003569	1783	5	42010	0	0	0	nan	0	0	0	0.001673	0.000474	0.001673	0.000474	0.228364	0.064701
105	U	121	40753	38146	0.003172	2926	6	39322	49	43497	40889	0.001198	1774	2	42010	0	0	0	nan	0	0	0	0.001974	0.000335	0.001974	0.000335	0.269450	0.045727
106	U	421	40755	38227	0.011013	2905	6	39324	24	43500	40992	0.000585	1762	2	42013	0	0	0	nan	0	0	0	0.010428	0.000550	0.010428	0.000550	1.423416	0.075075
107	A	39	40755	38338	0.001017	2364	6	39325	32	43504	41316	0.000775	1420	2	42017	0	0	0	nan	0	0	0	0.000243	0.000213	0.000243	0.000213	0.033169	0.029074
108	G	229	40758	38665	0.005923	2355	6	39332	31	43508	41512	0.000747	1413	2	42029	0	0	0	nan	0	0	0	0.005176	0.000414	0.005176	0.000414	0.706521	0.056511
109	A	122	40764	38510	0.003168	2320	6	39343	27	43508	41451	0.000651	1394	2	42036	0	0	0	nan	0	0	0	0.002517	0.000313	0.002517	0.000313	0.343569	0.042724
110	U	229	40766	38492	0.005949	2312	6	39345	24	43510	41318	0.000581	1389	0	42041	0	0	0	nan	0	0	0	0.005368	0.000411	0.005368	0.000411	0.732729	0.056101
111	A	197	40762	38382	0.005133	1515	6	39340	45	43513	41109	0.001095	879	0	42043	0	0	0	nan	0	0	0	0.004038	0.000400	0.004038	0.000400	0.551185	0.054600
112	A	102	40761	38418	0.002655	1480	6	39335	32	43514	41177	0.000777	866	0	42041	0	0	0	nan	0	0	0	0.001878	0.000297	0.001878	0.000297	0.256346	0.040540
113	G	645	40760	38004	0.016972	1453	6	39332	441	43514	41160	0.010714	847	0	42037	0	0	0	nan	0	0	0	0.006258	0.000841	0.006258	0.000841	0.854213	0.114796
114	G	349	40759	37878	0.009214	1158	3	39328	67	43514	41054	0.001632	683	0	42031	0	0	0	nan	0	0	0	0.007582	0.000532	0.007582	0.000532	1.034939	0.072618
115	U	423	40759	37870	0.011170	1125	3	39309	40	43514	40948	0.000977	667	0	42014	0	0	0	nan	0	0	0	0.010193	0.000565	0.010193	0.000565	1.391339	0.077122
116	G	474	40758	37666	0.012584	957	2	39291	33	43513	40667	0.000811	561	0	42000	0	0	0	nan	0	0	0	0.011773	0.000595	0.011773	0.000595	1.607008	0.081217
117	A	130	40756	37746	0.003444	951	2	39276	34	43511	40707	0.000835	558	0	41984	0	0	0	nan	0	0	0	0.002609	0.000334	0.002609	0.000334	0.356127	0.045591
118	A	209	40754	37866	0.005519	945	2	39253	35	43510	40722	0.000859	556	0	41959	0	0	0	nan	0	0	0	0.004660	0.000408	0.004660	0.000408	0.636087	0.055692
119	G	302	40757	38091	0.007928	943	2	39248	196	43512	41006	0.004780	554	0	41950	0	0	0	nan	0	0	0	0.003149	0.000570	0.003149	0.000570	0.429837	0.077805
120	G	137	40754	38115	0.003594	936	2	39233	99	43512	41043	0.002412	555	0	41944	0	0	0	nan	0	0	0	0.001182	0.000391	0.001182	0.000391	0.161342	0.053371
121	G	592	40755	37859	0.015637	929	2	39231	689	43511	40905	0.016844	556	0	41941	0	0	0	nan	0	0	0	-0.001207	0.000908	-0.001207	0.000908	-0.164755	0.123941
122	A	154	40755	37734	0.004081	926	2	39226	47	43511	40871	0.001150	555	0	41935	0	0	0	nan	0	0	0	0.002931	0.000369	0.002931	0.000369	0.400080	0.050368
123	A	92	40755	37784	0.002435	919	2	39222	31	43512	40933	0.000757	551	0	41934	0	0	0	nan	0	0	0	0.001678	0.000288	0.001678	0.000288	0.229046	0.039312
124	U	170	40755	37960	0.004478	914	2	39220	35	43512	41036	0.000853	551	0	41935	0	0	0	nan	0	0	0	0.003625	0.000373	0.003625	0.000373	0.494810	0.050914
125	G	134	40758	37980	0.003528	908	2	39218	83	43513	41090	0.002020	551	0	41934	0	0	0	nan	0	0	0	0.001508	0.000377	0.001508	0.000377	0.205841	0.051460
126	G	87	40761	37630	0.002312	908	2	39216	41	43515	40870	0.001003	549	0	41929	0	0	0	nan	0	0	0	0.001309	0.000293	0.001309	0.000293	0.178678	0.039994
127	A	597	40761	37870	0.015764	903	2	39206	59	43518	40912	0.001442	548	0	41926	0	0	0	nan	0	0	0	0.014322	0.000672	0.014322	0.000672	1.954945	0.091728
128	G	402	40762	37624	0.010685	886	2	39203	231	43520	40742	0.005670	546	0	41920	0	0	0	nan	0	0	0	0.005015	0.000650	0.005015	0.000650	0.684545	0.088725
129	G	231	40763	37611	0.006142	825	1	39197	131	43518	40680	0.003220	511	0	41917	0	0	0	nan	0	0	0	0.002922	0.000492	0.002922	0.000492	0.398851	0.067158
130	G	1610	40764	37820	0.042570	818	1	39189	1639	43517	40899	0.040074	506	0	41904	0	0	0	nan	0	0	0	0.002496	0.001451	0.002496	0.001451	0.340703	0.198061
131	A	128	40765	37432	0.003420	813	1	39186	75	43519	40841	0.001836	498	0	41904	0	0	0	nan	0	0	0	0.001583	0.000369	0.001583	0.000369	0.216079	0.050368
132	A	559	40766	37891	0.014753	798	1	39187	32	43521	40896	0.000782	491	0	41910	0	0	0	nan	0	0	0	0.013970	0.000639	0.013970	0.000639	1.906897	0.087223
133	A	76	40767	37557	0.002024	788	1	39189	28	43523	40465	0.000692	485	0	41911	0	0	0	nan	0	0	0	0.001332	0.000266	0.001332	0.000266	0.181817	0.036309
134	C	59	40768	37595	0.001569	787	1	39183	43	43523	40485	0.001062	483	0	41907	0	0	0	nan	0	0	0	0.000507	0.000261	0.000507	0.000261	0.069205	0.035626
135	A	115	40770	37840	0.003039	791	1	39188	48	43525	40532	0.001184	484	0	41913	0	0	0	nan	0	0	0	0.001855	0.000331	0.001855	0.000331	0.253206	0.045181
136	G	221	40772	38061	0.005806	770	1	39186	95	43524	40948	0.002320	472	0	41905	0	0	0	nan	0	0	0	0.003486	0.000457	0.003486	0.000457	0.475837	0.062380
137	G	482	40774	37658	0.012799	767	1	39186	349	43524	40605	0.008595	469	0	41906	0	0	0	nan	0	0	0	0.004204	0.000743	0.004204	0.000743	0.573844	0.101419
138	C	76	40773	37603	0.002021	766	1	39175	57	43525	40595	0.001404	469	0	41892	0	0	0	nan	0	0	0	0.000617	0.000297	0.000617	0.000297	0.084220	0.040540
139	A	215	40772	37539	0.005727	690	1	39176	43	43526	40613	0.001059	419	0	41893	0	0	0	nan	0	0	0	0.004669	0.000423	0.004669	0.000423	0.637316	0.057739
140	G	467	40779	37715	0.012382	631	1	39189	185	43528	40617	0.004555	383	0	41892	0	0	0	nan	0	0	0	0.007828	0.000664	0.007828	0.000664	1.068517	0.090636
141	C	77	40781	37580	0.002049	628	1	39187	79	43528	40449	0.001953	383	0	41888	0	0	0	nan	0	0	0	0.000096	0.000321	0.000096	0.000321	0.013104	0.043816
142	C	69	40784	37406	0.001845	620	2	39201	57	43531	40272	0.001415	376	0	41903	0	0	0	nan	0	0	0	0.000429	0.000291	0.000429	0.000291	0.058558	0.039721
143	U	155	40795	37440	0.004140	431	2	39228	64	43541	40448	0.001582	251	0	41927	0	0	0	nan	0	0	0	0.002558	0.000387	0.002558	0.000387	0.349166	0.052825
144	A	213	40802	37761	0.005641	307	1	39248	42	43556	40767	0.001030	164	0	41960	0	0	0	nan	0	0	0	0.004610	0.000418	0.004610	0.000418	0.629262	0.057057
145	G	288	40809	37928	0.007593	313	1	39272	47	43562	40901	0.001149	166	0	41974	0	0	0	nan	0	0	0	0.006444	0.000478	0.006444	0.000478	0.879602	0.065247
146	U	623	40815	38111	0.016347	310	1	39299	98	43572	41047	0.002388	164	0	41996	0	0	0	nan	0	0	0	0.013959	0.000698	0.013959	0.000698	1.905395	0.095277
147	G	428	40824	37827	0.011315	300	1	39318	209	43577	40852	0.005116	161	0	42000	0	0	0	nan	0	0	0	0.006199	0.000651	0.006199	0.000651	0.846160	0.088861
148	G	547	40827	37974	0.014405	288	1	39309	152	43578	40709	0.003734	147	0	41980	0	0	0	nan	0	0	0	0.010671	0.000686	0.010671	0.000686	1.456585	0.093639
149	G	335	40829	37879	0.008844	266	1	39310	215	43579	40442	0.005316	131	0	41952	0	0	0	nan	0	0	0	0.003528	0.000604	0.003528	0.000604	0.481570	0.082446
150	G	149	40830	37854	0.003936	262	1	39307	126	43577	40294	0.003127	129	0	41926	0	0	0	nan	0	0	0	0.000809	0.000426	0.000809	0.000426	0.110428	0.058149
151	G	286	40835	37642	0.007598	266	1	39302	241	43578	40171	0.005999	132	0	41909	0	0	0	nan	0	0	0	0.001599	0.000593	0.001599	0.000593	0.218263	0.080944
152	C	161	40837	37687	0.004272	348	1	39289	173	43581	40279	0.004295	148	0	41885	0	0	0	nan	0	0	0	-0.000023	0.000469	-0.000023	0.000469	-0.003139	0.064018
153	C	76	40849	37817	0.002010	348	1	39317	61	43587	40506	0.001506	151	0	41918	0	0	0	nan	0	0	0	0.000504	0.000301	0.000504	0.000301	0.068796	0.041086
154	G	578	40871	38341	0.015075	349	1	39393	582	43606	41066	0.014172	147	0	42015	0	0	0	nan	0	0	0	0.000903	0.000859	0.000903	0.000859	0.123259	0.117253
155	C	66	40882	38539	0.001713	351	1	39443	55	43609	41307	0.001331	147	0	42065	0	0	0	nan	0	0	0	0.000381	0.000277	0.000381	0.000277	0.052006	0.037810
156	A	74	40890	38371	0.001929	344	1	39472	45	43617	41425	0.001086	142	0	42083	0	0	0	nan	0	0	0	0.000842	0.000277	0.000842	0.000277	0.114933	0.037810
157	G	366	40890	38535	0.009498	332	1	39483	56	43621	41469	0.001350	135	0	42109	0	0	0	nan	0	0	0	0.008147	0.000528	0.008147	0.000528	1.112061	0.072072
158	A	166	40892	38412	0.004322	332	1	39484	29	43624	41412	0.000700	135	0	42117	0	0	0	nan	0	0	0	0.003621	0.000360	0.003621	0.000360	0.494264	0.049140
159	U	326	40893	38435	0.008482	331	1	39479	38	43624	41320	0.000920	135	0	42112	0	0	0	nan	0	0	0	0.007562	0.000493	0.007562	0.000493	1.032209	0.067294
160	G	231	40893	38367	0.006021	334	1	39475	148	43626	41277	0.003586	135	0	42105	0	0	0	nan	0	0	0	0.002435	0.000494	0.002435	0.000494	0.332376	0.067431
161	G	182	40893	38371	0.004743	333	1	39456	50	43626	41148	0.001215	134	0	42078	0	0	0	nan	0	0	0	0.003528	0.000391	0.003528	0.000391	0.481570	0.053371
162	G	193	40891	38162	0.005057	331	1	39442	142	43627	41010	0.003463	133	0	42067	0	0	0	nan	0	0	0	0.001595	0.000466	0.001595	0.000466	0.217717	0.063609
163	G	91	40890	37781	0.002409	329	1	39426	61	43627	40766	0.001496	128	0	42052	0	0	0	nan	0	0	0	0.000912	0.000317	0.000912	0.000317	0.124487	0.043270
164	A	74	40893	37500	0.001973	325	1	39414	41	43626	40464	0.001013	127	0	42050	0	0	0	nan	0	0	0	0.000960	0.000279	0.000960	0.000279	0.131039	0.038083
165	C	50	40891	37537	0.001332	321	1	39407	45	43624	40502	0.001111	123	0	42042	0	0	0	nan	0	0	0	0.000221	0.000251	0.000221	0.000251	0.030166	0.034261
166	A	99	40893	37775	0.002621	319	1	39412	43	43626	40589	0.001059	123	0	42046	0	0	0	nan	0	0	0	0.001561	0.000309	0.001561	0.000309	0.213076	0.042178
167	G	397	40895	37814	0.010499	319	1	39414	228	43627	41000	0.005561	120	0	42048	0	0	0	nan	0	0	0	0.004938	0.000643	0.004938	0.000643	0.674034	0.087769
168	G	284	40894	37417	0.007590	335	1	39413	133	43628	40805	0.003259	127	0	42048	0	0	0	nan	0	0	0	0.004331	0.000532	0.004331	0.000532	0.591179	0.072618
169	U	428	40894	37364	0.011455	338	1	39406	90	43630	40636	0.002215	126	0	42047	0	0	0	nan	0	0	0	0.009240	0.000601	0.009240	0.000601	1.261255	0.082036
170	G	363	40896	37459	0.009691	338	1	39414	201	43633	40648	0.004945	126	0	42056	0	0	0	nan	0	0	0	0.004746	0.000617	0.004746	0.000617	0.647826	0.084220
171	G	181	40897	37603	0.004813	339	1	39419	134	43634	40648	0.003297	125	0	42056	0	0	0	nan	0	0	0	0.001517	0.000457	0.001517	0.000457	0.207070	0.062380
172	G	1010	40897	37407	0.027000	337	1	39421	860	43636	40354	0.021311	124	0	42058	0	0	0	nan	0	0	0	0.005689	0.001118	0.005689	0.001118	0.776545	0.152606
173	U	129	40900	37498	0.003440	339	1	39425	56	43635	40514	0.001382	123	0	42060	0	0	0	nan	0	0	0	0.002058	0.000355	0.002058	0.000355	0.280916	0.048457
174	U	224	40901	37736	0.005936	339	1	39427	48	43635	40735	0.001178	124	0	42069	0	0	0	nan	0	0	0	0.004758	0.000432	0.004758	0.000432	0.649464	0.058968
175	G	308	40904	37821	0.008144	341	1	39434	37	43636	41118	0.000900	125	0	42080	0	0	0	nan	0	0	0	0.007244	0.000487	0.007244	0.000487	0.988802	0.066475
176	A	427	40905	38211	0.011175	332	1	39427	38	43638	41176	0.000923	124	0	42076	0	0	0	nan	0	0	0	0.010252	0.000561	0.010252	0.000561	1.399392	0.076576
177	G	106	40908	38112	0.002781	333	1	39427	28	43638	41122	0.000681	124	0	42076	0	0	0	nan	0	0	0	0.002100	0.000299	0.002100	0.000299	0.286649	0.040813
178	A	520	40908	38257	0.013592	331	1	39426	58	43638	41213	0.001407	124	0	42072	0	0	0	nan	0	0	0	0.012185	0.000624	0.012185	0.000624	1.663245	0.085176
179	A	104	40912	38232	0.002720	329	1	39432	47	43638	41228	0.001140	123	0	42074	0	0	0	nan	0	0	0	0.001580	0.000314	0.001580	0.000314	0.215669	0.042861
180	G	318	40912	38119	0.008342	329	1	39433	55	43639	41098	0.001338	123	0	42076	0	0	0	nan	0	0	0	0.007004	0.000501	0.007004	0.000501	0.956042	0.068386
181	U	482	40910	38139	0.012638	329	1	39435	64	43641	41107	0.001557	123	0	42078	0	0	0	nan	0	0	0	0.011081	0.000608	0.011081	0.000608	1.512550	0.082992
182	A	91	40912	38034	0.002393	330	1	39438	17	43641	40975	0.000415	123	0	42078	0	0	0	nan	0	0	0	0.001978	0.000270	0.001978	0.000270	0.269996	0.036855
183	G	424	40910	38155	0.011113	328	1	39437	247	43641	41012	0.006023	123	0	42076	0	0	0	nan	0	0	0	0.005090	0.000662	0.005090	0.000662	0.694782	0.090363
184	C	119	40910	38114	0.003122	326	1	39437	47	43639	41067	0.001144	124	0	42071	0	0	0	nan	0	0	0	0.001978	0.000331	0.001978	0.000331	0.269996	0.045181
185	A	219	40911	38086	0.005750	315	1	39440	60	43640	40911	0.001467	113	0	42072	0	0	0	nan	0	0	0	0.004284	0.000432	0.004284	0.000432	0.584764	0.058968
186	G	233	40910	37941	0.006141	312	1	39443	144	43641	40806	0.003529	113	0	42074	0	0	0	nan	0	0	0	0.002612	0.000498	0.002612	0.000498	0.356536	0.067977
187	G	244	40913	37939	0.006431	312	1	39439	106	43640	40780	0.002599	110	0	42086	0	0	0	nan	0	0	0	0.003832	0.000483	0.003832	0.000483	0.523066	0.065929
188	G	175	40922	37980	0.004608	335	1	39448	121	43638	40801	0.002966	121	0	42094	0	0	0	nan	0	0	0	0.001642	0.000440	0.001642	0.000440	0.224132	0.060060
189	A	131	40923	38112	0.003437	337	1	39448	39	43639	41003	0.000951	122	0	42086	0	0	0	nan	0	0	0	0.002486	0.000337	0.002486	0.000337	0.339338	0.046000
190	G	425	40924	37968	0.011194	349	1	39449	306	43639	40824	0.007496	126	0	42077	0	0	0	nan	0	0	0	0.003698	0.000692	0.003698	0.000692	0.504775	0.094458
191	C	121	40927	38012	0.003183	356	2	39445	68	43641	40918	0.001662	128	0	42075	0	0	0	nan	0	0	0	0.001521	0.000353	0.001521	0.000353	0.207616	0.048184
192	A	196	40929	38157	0.005137	355	2	39455	60	43644	40931	0.001466	126	0	42088	0	0	0	nan	0	0	0	0.003671	0.000413	0.003671	0.000413	0.501089	0.056374
193	G	295	40933	38291	0.007704	403	2	39459	213	43647	41082	0.005185	127	0	42095	0	0	0	nan	0	0	0	0.002519	0.000572	0.002519	0.000572	0.343842	0.078078
194	G	252	40942	38248	0.006589	419	2	39488	184	43647	40992	0.004489	127	0	42126	0	0	0	nan	0	0	0	0.002100	0.000531	0.002100	0.000531	0.286649	0.072481
195	G	364	40943	38027	0.009572	442	3	39494	349	43648	40799	0.008554	129	0	42126	0	0	0	nan	0	0	0	0.001018	0.000679	0.001018	0.000679	0.138956	0.092683
196	C	63	40943	37877	0.001663	461	3	39499	56	43649	40753	0.001374	136	0	42126	0	0	0	nan	0	0	0	0.000289	0.000279	0.000289	0.000279	0.039448	0.038083
197	A	137	40945	37814	0.003623	461	3	39500	37	43652	40774	0.000907	136	0	42130	0	0	0	nan	0	0	0	0.002716	0.000344	0.002716	0.000344	0.370732	0.046956
198	U	382	40949	38027	0.010045	466	3	39503	185	43653	41004	0.004512	137	0	42134	0	0	0	nan	0	0	0	0.005534	0.000612	0.005534	0.000612	0.755388	0.083538
199	C	268	40953	37995	0.007054	468	4	39510	162	43653	40922	0.003959	138	0	42143	0	0	0	nan	0	0	0	0.003095	0.000531	0.003095	0.000531	0.422466	0.072481
200	U	198	40959	38111	0.005195	469	4	39522	45	43654	41003	0.001097	138	0	42150	0	0	0	nan	0	0	0	0.004098	0.000404	0.004098	0.000404	0.559375	0.055146
201	U	209	40960	38136	0.005480	478	4	39522	67	43655	40983	0.001635	138	0	42158	0	0	0	nan	0	0	0	0.003846	0.000428	0.003846	0.000428	0.524977	0.058422
202	G	230	40961	38188	0.006023	479	4	39535	120	43659	41041	0.002924	139	0	42167	0	0	0	nan	0	0	0	0.003099	0.000478	0.003099	0.000478	0.423012	0.065247
203	G	172	40960	38271	0.004494	478	4	39542	97	43659	41096	0.002360	139	0	42173	0	0	0	nan	0	0	0	0.002134	0.000418	0.002134	0.000418	0.291290	0.057057
204	G	128	40965	38230	0.003348	487	4	39555	77	43662	41048	0.001876	141	0	42188	0	0	0	nan	0	0	0	0.001472	0.000365	0.001472	0.000365	0.200927	0.049822
205	A	112	40965	38115	0.002938	492	4	39558	42	43663	40964	0.001025	143	0	42194	0	0	0	nan	0	0	0	0.001913	0.000320	0.001913	0.000320	0.261123	0.043680
206	G	230	40968	37876	0.006072	518	4	39564	218	43663	40827	0.005340	151	0	42202	0	0	0	nan	0	0	0	0.000733	0.000540	0.000733	0.000540	0.100054	0.073710
207	C	121	40967	37716	0.003208	557	5	39566	114	43663	40688	0.002802	163	1	42206	0	0	0	nan	0	0	0	0.000406	0.000392	0.000406	0.000392	0.055419	0.053508
208	U	247	40970	37780	0.006538	620	5	39575	97	43668	40780	0.002379	189	1	42224	0	0	0	nan	0	0	0	0.004159	0.000481	0.004159	0.000481	0.567701	0.065656
209	G	391	40974	38107	0.010261	626	5	39585	267	43671	41101	0.006496	190	1	42235	0	0	0	nan	0	0	0	0.003764	0.000654	0.003764	0.000654	0.513784	0.089271
210	G	191	40975	37838	0.005048	633	6	39591	101	43674	40992	0.002464	198	2	42239	0	0	0	nan	0	0	0	0.002584	0.000440	0.002584	0.000440	0.352715	0.060060
211	U	52	40977	37570	0.001384	659	20	39608	56	43676	41012	0.001365	207	4	42249	0	0	0	nan	0	0	0	0.000019	0.000265	0.000019	0.000265	0.002593	0.036172
212	A	686	40977	37387	0.018349	658	22	39609	75	43676	40516	0.001851	205	4	42251	0	0	0	nan	0	0	0	0.016498	0.000732	0.016498	0.000732	2.251967	0.099918
213	U	377	40977	37829	0.009966	661	22	39615	52	43677	40692	0.001278	206	4	42255	0	0	0	nan	0	0	0	0.008688	0.000543	0.008688	0.000543	1.185907	0.074119
214	U	368	40975	37975	0.009691	664	23	39614	31	43678	40893	0.000758	207	4	42258	0	0	0	nan	0	0	0	0.008933	0.000523	0.008933	0.000523	1.219349	0.071389
215	G	512	40978	38579	0.013271	668	23	39618	72	43679	41354	0.001741	208	4	42260	0	0	0	nan	0	0	0	0.011530	0.000621	0.011530	0.000621	1.573838	0.084766
216	U	147	40979	38500	0.003818	688	24	39617	80	43679	41330	0.001936	211	4	42259	0	0	0	nan	0	0	0	0.001883	0.000382	0.001883	0.000382	0.257028	0.052143
217	G	199	40980	38051	0.005230	688	24	39623	139	43679	41001	0.003390	211	4	42261	0	0	0	nan	0	0	0	0.001840	0.000469	0.001840	0.000469	0.251159	0.064018
218	C	266	40981	37853	0.007027	693	25	39626	232	43680	40797	0.005687	212	4	42266	0	0	0	nan	0	0	0	0.001340	0.000570	0.001340	0.000570	0.182909	0.077805
219	U	222	40983	37959	0.005848	693	25	39630	51	43683	40760	0.001251	213	4	42273	0	0	0	nan	0	0	0	0.004597	0.000430	0.004597	0.000430	0.627488	0.058695
220	U	82	40986	38209	0.002146	693	25	39638	29	43683	40857	0.000710	213	5	42286	0	0	0	nan	0	0	0	0.001436	0.000271	0.001436	0.000271	0.196013	0.036991
221	G	162	40990	38419	0.004217	693	25	39664	156	43686	41049	0.003800	213	6	42304	0	0	0	nan	0	0	0	0.000416	0.000450	0.000416	0.000450	0.056784	0.061425
222	G	128	40995	38224	0.003349	694	26	39685	123	43690	40973	0.003002	213	6	42335	0	0	0	nan	0	0	0	0.000347	0.000401	0.000347	0.000401	0.047365	0.054736
223	U	118	40997	38247	0.003085	699	26	39696	83	43688	41044	0.002022	214	6	42338	0	0	0	nan	0	0	0	0.001063	0.000360	0.001063	0.000360	0.145099	0.049140
224	C	43	41002	38332	0.001122	700	26	39704	32	43688	41161	0.000777	214	6	42342	0	0	0	nan	0	0	0	0.000344	0.000219	0.000344	0.000219	0.046956	0.029893
225	A	63	41004	37881	0.001663	673	26	39714	53	43690	41311	0.001283	197	6	42346	0	0	0	nan	0	0	0	0.000380	0.000274	0.000380	0.000274	0.051870	0.037401
226	G	831	41005	38632	0.021511	673	26	39716	70	43691	41441	0.001689	197	6	42346	0	0	0	nan	0	0	0	0.019822	0.000773	0.019822	0.000773	2.705692	0.105514
227	A	85	41010	38375	0.002215	674	27	39729	52	43691	41196	0.001262	197	6	42349	0	0	0	nan	0	0	0	0.000953	0.000297	0.000953	0.000297	0.130084	0.040540
228	G	334	41013	38056	0.008777	674	27	39735	52	43692	40790	0.001275	197	6	42357	0	0	0	nan	0	0	0	0.007502	0.000512	0.007502	0.000512	1.024019	0.069888
229	U	361	41015	38027	0.009493	688	31	39739	80	43694	40664	0.001967	212	6	42363	0	0	0	nan	0	0	0	0.007526	0.000546	0.007526	0.000546	1.027295	0.074529
230	A	43	41019	37916	0.001134	685	31	39746	36	43697	40523	0.000888	211	6	42368	0	0	0	nan	0	0	0	0.000246	0.000228	0.000246	0.000228	0.033579	0.031122
231	G	369	41020	38056	0.009696	691	37	39751	215	43698	40673	0.005286	211	7	42371	0	0	0	nan	0	0	0	0.004410	0.000620	0.004410	0.000620	0.601962	0.084630
232	C	90	41022	38145	0.002359	687	52	39760	45	43701	40759	0.001104	208	11	42378	0	0	0	nan	0	0	0	0.001255	0.000298	0.001255	0.000298	0.171307	0.040677
233	U	144	41024	38383	0.003752	687	65	39770	40	43703	41122	0.000973	208	12	42389	0	0	0	nan	0	0	0	0.002779	0.000348	0.002779	0.000348	0.379332	0.047502
234	A	261	41026	38689	0.006746	687	66	39785	42	43713	41413	0.001014	208	13	42417	0	0	0	nan	0	0	0	0.005732	0.000446	0.005732	0.000446	0.782415	0.060879
235	A	59	41028	38482	0.001533	686	66	39788	25	43715	41294	0.000605	208	13	42421	0	0	0	nan	0	0	0	0.000928	0.000233	0.000928	0.000233	0.126671	0.031804
236	G	284	41028	37727	0.007528	687	69	39787	206	43716	40540	0.005081	209	13	42417	0	0	0	nan	0	0	0	0.002446	0.000570	0.002446	0.000570	0.333878	0.077805
237	C	245	41028	37356	0.006559	689	70	39786	200	43715	40175	0.004978	209	15	42417	0	0	0	nan	0	0	0	0.001580	0.000547	0.001580	0.000547	0.215669	0.074665
238	C	199	41032	37413	0.005319	690	71	39788	150	43716	40182	0.003733	209	15	42420	0	0	0	nan	0	0	0	0.001586	0.000485	0.001586	0.000485	0.216488	0.066202
239	C	479	41035	37757	0.012686	691	71	39802	571	43717	40432	0.014122	209	15	42424	0	0	0	nan	0	0	0	-0.001436	0.000828	-0.001436	0.000828	-0.196013	0.113022
240	U	218	41039	37852	0.005759	691	73	39818	88	43724	40736	0.002160	209	15	42440	0	0	0	nan	0	0	0	0.003599	0.000453	0.003599	0.000453	0.491261	0.061834
241	G	223	41051	37801	0.005899	690	74	39888	163	43731	40762	0.003999	209	15	42510	0	0	0	nan	0	0	0	0.001900	0.000504	0.001900	0.000504	0.259349	0.068796
242	G	391	41067	38003	0.010289	690	74	39975	69	43746	40829	0.001690	209	15	42601	0	0	0	nan	0	0	0	0.008599	0.000559	0.008599	0.000559	1.173759	0.076303
243	U	275	41077	37498	0.007334	691	77	40033	238	43755	40439	0.005885	212	15	42656	0	0	0	nan	0	0	0	0.001448	0.000584	0.001448	0.000584	0.197651	0.079716
244	C	296	41087	37324	0.007931	691	78	40060	246	43760	40332	0.006099	212	16	42689	0	0	0	nan	0	0	0	0.001831	0.000603	0.001831	0.000603	0.249930	0.082309
245	U	282	41093	37530	0.007514	691	78	40079	59	43764	40453	0.001458	211	16	42709	0	0	0	nan	0	0	0	0.006056	0.000486	0.006056	0.000486	0.826640	0.066339
246	U	211	41100	37758	0.005588	691	78	40115	27	43768	40520	0.000666	211	16	42735	0	0	0	nan	0	0	0	0.004922	0.000406	0.004922	0.000406	0.671850	0.055419
247	A	217	41067	38164	0.005686	692	78	40000	36	43718	40809	0.000882	211	16	42578	0	0	0	nan	0	0	0	0.004804	0.000413	0.004804	0.000413	0.655743	0.056374
248	G	237	41085	37816	0.006267	692	78	40121	81	43742	40257	0.002012	211	16	42720	0	0	0	nan	0	0	0	0.004255	0.000464	0.004255	0.000464	0.580805	0.063336
249	G	338	41092	36468	0.009268	692	78	40143	286	43746	37998	0.007527	211	16	42731	0	0	0	nan	0	0	0	0.001742	0.000672	0.001742	0.000672	0.237782	0.091728
250	C	212	41092	36164	0.005862	692	82	40144	152	43748	37716	0.004030	211	16	42740	0	0	0	nan	0	0	0	0.001832	0.000519	0.001832	0.000519	0.250067	0.070843
251	C	221	41100	36551	0.006046	692	85	40159	148	43752	38150	0.003879	211	17	42752	0	0	0	nan	0	0	0	0.002167	0.000517	0.002167	0.000517	0.295794	0.070570
252	U	253	41103	38411	0.006587	692	86	40179	101	43758	40982	0.002464	211	17	42771	0	0	0	nan	0	0	0	0.004122	0.000481	0.004122	0.000481	0.562651	0.065656
253	G	110	41105	38333	0.002870	691	86	40186	45	43759	40914	0.001100	211	17	42777	0	0	0	nan	0	0	0	0.001770	0.000319	0.001770	0.000319	0.241604	0.043543
254	A	95	41105	38012	0.002499	691	86	40187	43	43760	40550	0.001060	211	16	42785	0	0	0	nan	0	0	0	0.001439	0.000303	0.001439	0.000303	0.196423	0.041359
255	G	222	41114	37042	0.005993	693	87	40208	117	43763	39161	0.002988	211	16	42802	0	0	0	nan	0	0	0	0.003006	0.000488	0.003006	0.000488	0.410317	0.066612
256	C	124	41116	36933	0.003357	693	92	40226	97	43764	39007	0.002487	211	16	42819	0	0	0	nan	0	0	0	0.000871	0.000393	0.000871	0.000393	0.118891	0.053644
257	C	144	41127	37173	0.003874	693	93	40292	134	43780	39210	0.003417	210	16	42883	0	0	0	nan	0	0	0	0.000456	0.000437	0.000456	0.000437	0.062244	0.059650
258	U	147	41136	38382	0.003830	693	93	40331	67	43793	40855	0.001640	210	16	42926	0	0	0	nan	0	0	0	0.002190	0.000374	0.002190	0.000374	0.298934	0.051051
259	G	194	41154	38872	0.004991	693	93	40394	71	43809	41587	0.001707	210	16	42994	0	0	0	nan	0	0	0	0.003283	0.000412	0.003283	0.000412	0.448128	0.056238
260	G	124	41171	38942	0.003184	693	93	40463	52	43829	41727	0.001246	210	16	43058	0	0	0	nan	0	0	0	0.001938	0.000334	0.001938	0.000334	0.264536	0.045591
261	A	270	41183	39116	0.006903	693	93	40490	33	43840	41901	0.000788	210	16	43088	0	0	0	nan	0	0	0	0.006115	0.000442	0.006115	0.000442	0.834694	0.060333
262	G	332	41188	38970	0.008519	693	93	40510	47	43846	41709	0.001127	210	16	43104	0	0	0	nan	0	0	0	0.007393	0.000496	0.007393	0.000496	1.009140	0.067704
263	U	592	41195	38859	0.015235	716	320	40541	563	43851	41497	0.013567	213	136	43128	0	0	0	nan	0	0	0	0.001667	0.000848	0.001667	0.000848	0.227545	0.115752
264	C	102	41199	38495	0.002650	720	322	40547	80	43853	41020	0.001950	213	137	43133	0	0	0	nan	0	0	0	0.000699	0.000341	0.000699	0.000341	0.095413	0.046546
265	U	216	41200	38284	0.005642	720	328	40552	76	43856	40810	0.001862	213	139	43139	0	0	0	nan	0	0	0	0.003780	0.000439	0.003780	0.000439	0.515968	0.059923
266	G	891	41207	38283	0.023274	720	328	40567	821	43865	40831	0.020107	213	139	43162	0	0	0	nan	0	0	0	0.003167	0.001049	0.003167	0.001049	0.432294	0.143188
267	C	323	41218	38314	0.008430	724	330	40607	352	43870	40862	0.008614	213	139	43186	0	0	0	nan	0	0	0	-0.000184	0.000656	-0.000184	0.000656	-0.025116	0.089544
268	C	149	41235	38124	0.003908	723	332	40671	132	43885	40629	0.003249	214	139	43241	0	0	0	nan	0	0	0	0.000659	0.000427	0.000659	0.000427	0.089953	0.058285
269	C	180	41253	38124	0.004721	728	333	40741	164	43901	40640	0.004035	215	142	43316	0	0	0	nan	0	0	0	0.000686	0.000472	0.000686	0.000472	0.093639	0.064428
270	C	117	41267	38116	0.003070	730	333	40813	97	43911	40642	0.002387	215	145	43377	0	0	0	nan	0	0	0	0.000683	0.000373	0.000683	0.000373	0.093229	0.050914
271	C	71	41305	38605	0.001839	729	333	40981	78	43962	41235	0.001892	215	145	43586	0	0	0	nan	0	0	0	-0.000052	0.000306	-0.000052	0.000306	-0.007098	0.041769
272	A	413	41372	38979	0.010595	730	333	41143	354	44011	41777	0.008474	215	147	43769	0	0	0	nan	0	0	0	0.002122	0.000689	0.002122	0.000689	0.289652	0.094048
273	U	189	41451	39213	0.004820	728	333	41387	78	44077	42032	0.001856	215	147	44017	0	0	0	nan	0	0	0	0.002964	0.000409	0.002964	0.000409	0.404584	0.055828
274	U	177	41461	38378	0.004612	728	333	41406	29	44082	41097	0.000706	215	147	44034	0	0	0	nan	0	0	0	0.003906	0.000371	0.003906	0.000371	0.533167	0.050641
275	U	465	41469	38512	0.012074	728	333	41426	170	44089	41112	0.004135	215	147	44050	0	0	0	nan	0	0	0	0.007939	0.000644	0.007939	0.000644	1.083669	0.087906
276	C	97	41476	38218	0.002538	727	333	41444	85	44097	40809	0.002083	215	147	44062	0	0	0	nan	0	0	0	0.000455	0.000343	0.000455	0.000343	0.062107	0.046819
277	C	1149	41481	39107	0.029381	726	333	41454	1291	44099	41927	0.030792	215	147	44070	0	0	0	nan	0	0	0	-0.001411	0.001219	-0.001411	0.001219	-0.192601	0.166393
278	U	93	41500	38343	0.002425	726	333	41500	80	44117	41115	0.001946	215	147	44117	0	0	0	nan	0	0	0	0.000480	0.000333	0.000480	0.000333	0.065520	0.045454
279	U	309	41500	38288	0.008070	726	333	41500	43	44117	41003	0.001049	215	147	44117	0	0	0	nan	0	0	0	0.007022	0.000486	0.007022	0.000486	0.958499	0.066339
280	U	0	41500	38627	0.000000	723	333	41500	0	44117	41248	0.000000	213	147	44117	0	0	0	nan	0	0	0	0.000000	0.000000	0.000000	0.000000	0.000000	0.000000
281	C	0	41500	0	nan	719	333	41500	0	44117	0	nan	213	147	44117	0	0	0	nan	0	0	0	nan	nan	nan	nan	nan	nan
282	U	0	41500	0	nan	719	333	41500	0	44117	0	nan	213	147	44117	0	0	0	nan	0	0	0	nan	nan	nan	nan	nan	nan
283	C	0	41500	0	nan	718	333	41500	0	44117	0	nan	213	147	44117	0	0	0	nan	0	0	0	nan	nan	nan	nan	nan	nan
284	U	0	41500	0	nan	718	333	41500	0	44117	0	nan	213	147	44117	0	0	0	nan	0	0	0	nan	nan	nan	nan	nan	nan
285	U	0	41500	0	nan	716	333	41500	0	44117	0	nan	211	147	44117	0	0	0	nan	0	0	0	nan	nan	nan	nan	nan	nan
286	G	0	41500	0	nan	716	333	41500	0	44117	0	nan	211	147	44117	0	0	0	nan	0	0	0	nan	nan	nan	nan	nan	nan
287	C	0	41500	0	nan	713	333	41500	0	44117	0	nan	211	147	44117	0	0	0	nan	0	0	0	nan	nan	nan	nan	nan	nan
288	G	0	41500	0	nan	713	333	41500	0	44117	0	nan	211	147	44117	0	0	0	nan	0	0	0	nan	nan	nan	nan	nan	nan
289	G	0	41500	0	nan	711	333	41500	0	44117	0	nan	210	147	44117	0	0	0	nan	0	0	0	nan	nan	nan	nan	nan	nan
290	U	0	41500	0	nan	700	333	41500	0	44117	0	nan	206	147	44117	0	0	0	nan	0	0	0	nan	nan	nan	nan	nan	nan
291	C	0	41500	0	nan	700	333	41500	0	44117	0	nan	206	147	44117	0	0	0	nan	0	0	0	nan	nan	nan	nan	nan	nan
292	G	0	41497	0	nan	699	333	41497	0	44116	0	nan	206	147	44116	0	0	0	nan	0	0	0	nan	nan	nan	nan	nan	nan
293	C	0	41497	0	nan	699	333	41497	0	44116	0	nan	206	147	44116	0	0	0	nan	0	0	0	nan	nan	nan	nan	nan	nan
294	A	0	41495	0	nan	699	333	41495	0	44116	0	nan	206	147	44116	0	0	0	nan	0	0	0	nan	nan	nan	nan	nan	nan
295	C	0	41483	0	nan	699	333	41483	0	44112	0	nan	206	147	44112	0	0	0	nan	0	0	0	nan	nan	nan	nan	nan	nan
296	U	0	41482	0	nan	699	333	41482	0	44112	0	nan	206	147	44112	0	0	0	nan	0	0	0	nan	nan	nan	nan	nan	nan
297	A	0	41477	0	nan	699	333	41477	0	44110	0	nan	206	147	44110	0	0	0	nan	0	0	0	nan	nan	nan	nan	nan	nan
298	G	0	41459	0	nan	699	333	41459	0	44091	0	nan	206	147	44091	0	0	0	nan	0	0	0	nan	nan	nan	nan	nan	nan
299	U	0	41443	0	nan	699	332	41443	0	44077	0	nan	206	147	44077	0	0	0	nan	0	0	0	nan	nan	nan	nan	nan	nan
300	G	0	41413	0	nan	699	332	41413	0	44046	0	nan	206	146	44046	0	0	0	nan	0	0	0	nan	nan	nan	nan	nan	nan